10
0.22733602246716966 0.31675833970975287 0.79736545733273412 0 0 0 1
0.67625467075097456 0.391109550601909 0.33281392786638453 0 0 0 1
0.59830875358718982 0.18673418560371335 0.6727560440146213 0 0 0 1
0.94180286526993717 0.24824571462957101 0.94888115183331823 0 0 0 1
0.66723745310037241 0.095897935594112083 0.44183966616781278 0 0 0 1
0.88647991932751768 0.6974534998820221 0.32647286407011211 0 0 0 1
0.7339281633300665 0.22013495554548623 0.081594569542208117 0 0 0 1
0.15989560107504752 0.34010018495470529 0.46519315370205094 0 0 0 1
0.26642102829077097 0.81577640342480695 0.19329438928949449 0 0 0 1
0.12946907617720027 0.091664751544935918 0.59856801366491319 0 0 0 1
