100
2.1395703813547033 2.0012910434199731 2.1072797070420899 0 0 0 0.01
1.8327156572989414 1.8195838462614267 1.9440671050455489 -0 -0 -0 0.01
1.917807275755075 2.1819665235498418 1.7860012314253475 -0 0 -0 0.01
2.1885121254892037 1.979296302592064 1.7317822101080727 0 -0 -0 0.01
1.6747369651912734 2.1360791625099633 2.0463439456588439 -0 0 0 0.01
1.988827509211003 2.2780889873659218 2.266360031424095 -0 0 0 0.01
1.9724004972818596 1.6852297973700396 2.2448472251193885 -0 -0 0 0.01
2.1316424237376475 2.402387960018896 2.0307952233704856 0 0 0 0.01
2.1746708060247237 1.6426642276801173 1.8202775174851431 0 -0 -0 0.01
1.8749312849291266 1.9641586674408409 2.4418958875982222 -0 -0 0 0.01
1.9053333964001888 1.8671233232827582 1.5441787044653035 -0 -0 -0 0.01
1.5884032631975842 1.9403766017804509 1.7195420587449253 -0 -0 -0 0.01
2.4911270473091176 1.9431677533902021 2.1192414462112055 0 -0 0 0.01
1.5788877436655846 1.8503909258064983 2.2592807574807159 -0 -0 0 0.01
2.4601845283862191 2.2768323781303881 1.9946682400641216 0 0 -0 0.01
2.3268367305484166 2.2873080306634823 2.3461501576648152 0 0 0 0.01
2.3247210309100486 1.7097421618020916 2.3372768237782244 0 -0 0 0.01
1.8196305667728288 1.5590647004627902 1.6848798995358669 -0 -0 -0 0.01
2.5105888321207863 2.0305339403536804 1.7411637932160149 0 0 -0 0.01
1.7598929869884101 1.4676741357013032 2.0007316655465379 -0 -0 0 0.01
1.7885262070936365 2.4927724396834181 1.769347926574609 -0 0 -0 0.01
1.8197620239705108 2.5494954331647794 2.1349740431715198 -0 0 0 0.01
1.7576485425806823 2.1470611349692863 1.4492941547594234 -0 0 -0 0.01
1.6193005858398344 2.2914659201501917 2.3866472848140314 -0 0 0 0.01
2.1987382737358616 2.4820319048937103 1.6555913801136586 0 0 -0 0.01
1.4942984498691545 2.2687754883861566 1.7162741978143867 -0 0 -0 0.01
2.1038019111554576 1.3767676274459193 2.0615557154098343 0 -0 0 0.01
2.2949404632573791 2.2148619946544819 1.4582828992951389 0 0 -0 0.01
2.1885171730124213 2.1386636600372504 2.6350814998115633 0 0 0 0.01
1.3803013117557836 1.7220246235115291 1.935584825837201 -0 -0 -0 0.01
2.120726644929281 1.8117964725077016 2.644701921670372 0 -0 0 0.01
2.4560680052844455 1.5069421732488339 2.0476748007844008 0 -0 0 0.01
1.4705220676758213 2.428421272499957 2.0411348416493129 -0 0 0 0.01
1.3048989925988863 2.0589368332900437 2.0722132157402631 -0 0 0 0.01
2.4723464372465167 1.6850328358456612 1.5918192449950321 0 -0 -0 0.01
2.2029139701118567 1.8931987274081652 1.3220177283726513 0 -0 -0 0.01
2.5404389834860535 2.0042958514686262 2.4994207070074217 0 0 0 0.01
1.797454104150388 1.5962901728654877 2.5628858993821182 -0 -0 0 0.01
2.0891403248640854 1.5635553175843464 1.4137835661799361 0 -0 -0 0.01
1.5082779937887363 1.496313105306903 2.2288996940368309 -0 -0 0 0.01
1.5507468423413218 1.6697666226065113 1.4747160163915607 -0 -0 -0 0.01
2.4419004770277115 2.5948124321154533 2.1797744274153152 0 0 0 0.01
1.8703473548786433 2.5559904495450749 2.4965797843330368 -0 0 0 0.01
2.0188107609666295 2.3945884493208434 1.3505185335254368 0 0 -0 0.01
2.7408615697729659 1.8379133368311278 1.8840342720670669 0 -0 -0 0.01
2.0449880615715155 2.7588307920193182 1.9176906724935532 0 0 -0 0.01
1.856059498756194 1.3211049702055584 2.3346997906083891 -0 -0 0 0.01
1.8462662704251844 2.249720641854537 2.7345066170974981 -0 0 0 0.01
2.6073835635454796 2.3672607031031419 1.6470944572630724 0 0 -0 0.01
2.0627920466445229 1.2763149440450356 1.6864463303167208 0 -0 -0 0.01
2.1369332858135039 2.731827606279134 2.3038190870084656 0 0 0 0.01
1.4485638696263372 2.0634938889678338 2.5812945072738271 -0 0 0 0.01
1.7377735557867806 1.8975218062565793 2.7628501257789573 -0 -0 0 0.01
2.6848723898802298 2.3501220897878086 2.3354745474821828 0 0 0 0.01
1.2213129802224358 1.9905074401454919 1.6935201273560634 -0 -0 -0 0.01
1.8062293009996158 1.7830948012936045 1.2074881497873535 -0 -0 -0 0.01
2.7335765024880883 1.6820341924476068 2.2306994198875905 0 -0 0 0.01
2.5174151024167326 2.6433518805266525 1.8422118490737727 0 0 -0 0.01
2.1712885446398675 2.4808814331754951 2.6891110801289875 0 0 0 0.01
1.4267326677683327 1.3780082081023934 1.8433642104897898 -0 -0 -0 0.01
2.4257799600515102 1.3328452571199887 1.7262108759579931 0 -0 -0 0.01
1.4579074705615285 1.9835642371541269 1.3122358068574609 -0 -0 -0 0.01
2.8459384506121959 2.0398338354849326 2.218838519920578 0 0 0 0.01
2.5934329721911009 1.9796142569660691 1.3747270485877592 0 -0 -0 0.01
1.4210011198093959 1.6855440184841677 2.5651108867399612 -0 -0 0 0.01
2.2551850422363886 1.4948083204163565 2.6610851323998892 0 -0 0 0.01
1.9283877492137786 2.7156915714107854 1.5165291569069184 -0 0 -0 0.01
2.8287407228862156 2.3392197800876584 1.9714395198291397 0 0 -0 0.01
2.2133978016585525 1.2474859168484005 2.3863140888408378 0 -0 0 0.01
1.9832270080483065 2.1039044691744233 1.1066856448417053 -0 0 -0 0.01
1.2542096465660544 2.3361047096286458 2.3447793060044275 -0 0 0 0.01
1.5041682325037637 2.6488212341037451 2.346262556971916 -0 0 0 0.01
1.6321591975141441 2.4577891830155063 1.3127611430779511 -0 0 -0 0.01
1.5786072095580423 2.7829837296233353 1.9462024881401128 -0 0 -0 0.01
1.6931075626538721 1.202042285402382 1.6581762381756322 -0 -0 -0 0.01
2.5562272121982894 1.4064908554600786 2.4022887240814343 0 -0 0 0.01
1.1721297101449586 1.6505217507402858 2.2298187430483041 -0 -0 0 0.01
1.4613218511999828 2.6249741500113446 1.6056803524989385 -0 0 -0 0.01
1.8229164178232802 1.0959549923704084 2.0175781928737289 -0 -0 0 0.01
1.749554020294164 1.391138239976347 1.315752095483196 -0 -0 -0 0.01
1.1381485899815602 2.3407096445647881 1.8790604442370245 -0 0 -0 0.01
1.2098226386596722 1.6087808418523863 1.607463032288017 -0 -0 -0 0.01
2.4695269013939583 2.6449890764541077 2.5443832748068527 0 0 0 0.01
2.6095676569468393 1.6908149689169436 2.6686650948506609 0 -0 0 0.01
2.5803546222775449 2.3142423314180705 2.7236842904300138 0 0 0 0.01
2.7687906969085989 1.4868717615191813 1.8124691423037746 0 -0 -0 0.01
2.8858337154532534 2.0983546905015076 1.6413762224195094 0 0 -0 0.01
2.3215320904845447 2.6387419247760473 1.3651135857669878 0 0 -0 0.01
1.2695821852538058 2.2951312202740555 1.4254853022574765 -0 0 -0 0.01
1.1132617585253677 1.9802494814964795 2.3916519285533937 -0 -0 0 0.01
1.5376756700503067 2.4770057428120364 2.705275345063884 -0 0 0 0.01
2.4371961230395174 1.6439781642900111 1.2043010327876367 0 -0 -0 0.01
2.3464241009530342 2.0193463517552575 2.9378784894391403 0 0 0 0.01
2.2615288967601677 1.0708572745257117 2.0255400110569397 0 -0 0 0.01
1.7958172818440303 2.9098625682255905 2.2878366462270545 -0 0 0 0.01
2.5755109572734036 2.3593304209799495 1.2806014059937021 0 0 -0 0.01
1.9595469443558082 1.619294732528167 2.9185890589358654 -0 -0 0 0.01
1.5377329375742024 1.306306157604578 2.5391750726935189 -0 -0 0 0.01
2.3142892847555441 1.3033485482157445 1.3609122612697537 0 -0 -0 0.01
2.2955594252316867 2.8936411566760181 1.6722186531975964 0 0 -0 0.01
