1000
2.0547665036816927 1.9517763424833079 1.9689657954380952 0 -0 -0 0.00050000000000000001
1.9661816656440829 2.1008815176288591 1.9582042993172128 -0 0 -0 0.00050000000000000001
1.9224266509177159 1.9503814168514471 2.0998132001732981 -0 -0 0 0.00050000000000000001
2.020604445237721 2.0887674863596022 2.1209963304436878 0 0 0 0.00050000000000000001
1.9255090087081963 1.9431233421304794 1.8647899963600971 -0 -0 -0 0.00050000000000000001
2.1542376697000316 2.0806881779964934 2.022560691791055 0 0 0 0.00050000000000000001
2.0498516653647445 2.0344793107545844 1.8230374244027645 0 0 -0 0.00050000000000000001
2.0624454051333618 1.8151107389605843 2.0037426784297616 0 -0 0 0.00050000000000000001
1.7984929133624032 1.9998362016985709 1.9734708180099756 -0 -0 -0 0.00050000000000000001
1.8614996748973416 1.8427729856880384 1.9807309716871058 -0 -0 -0 0.00050000000000000001
1.8469563342293112 2.1193068194824387 2.1013679650743158 -0 0 0 0.00050000000000000001
2.2036233873760818 1.9040392875028755 1.9906289323704547 0 -0 -0 0.00050000000000000001
1.8760091699356412 2.1089735324068433 1.8371321878048361 -0 0 -0 0.00050000000000000001
2.197355637245928 2.04407586658394 1.8745379344580679 0 0 -0 0.00050000000000000001
2.0589268274802333 1.8578863258957397 2.1892816571943388 0 -0 0 0.00050000000000000001
2.1400906030332081 1.997738838167354 2.2056334008545218 0 -0 0 0.00050000000000000001
1.9854233262759526 1.766408226909606 1.9029051413408 -0 -0 -0 0.00050000000000000001
1.9436263127586548 2.2497964775937365 2.0376983449130992 -0 0 0 0.00050000000000000001
2.0965577404614071 2.2441590533718663 1.9816179666039953 0 0 -0 0.00050000000000000001
2.1197376751247621 1.8644174667450022 1.8005635834101732 0 -0 -0 0.00050000000000000001
2.035583028404973 2.1839712268147586 1.8003671433043507 0 0 -0 0.00050000000000000001
1.857623941887097 2.0488946380516602 2.2344016718372424 -0 0 0 0.00050000000000000001
1.8683982963306216 1.845264108852503 2.1960492740561914 -0 -0 0 0.00050000000000000001
1.7623296332965057 2.1512913301552343 1.9515844003346485 -0 0 -0 0.00050000000000000001
2.0219861160598191 2.0767657566564504 2.2792516059123802 0 0 0 0.00050000000000000001
1.7586372135344925 1.9244785735218355 2.1499658632389838 -0 -0 0 0.00050000000000000001
1.9797037401889064 1.9283867844285763 2.2893003691368752 -0 -0 0 0.00050000000000000001
1.9359405783908292 1.7267831151619977 2.108676557283959 -0 -0 0 0.00050000000000000001
1.9814869624189935 1.9306391462320052 1.7030584277301575 -0 -0 -0 0.00050000000000000001
1.7679946405777502 1.9811898891667705 1.7986386645077164 -0 -0 -0 0.00050000000000000001
2.2922809417292589 1.9912942699908909 2.1063707821812314 0 -0 0 0.00050000000000000001
2.1841567158313557 1.7622427112182342 1.9050681453309362 0 -0 -0 0.00050000000000000001
2.1098932514684048 2.2085214686479797 2.2129929954814207 0 0 0 0.00050000000000000001
1.8359233858137667 1.833922049136143 1.7800779283688397 -0 -0 -0 0.00050000000000000001
2.2166699082998824 2.2246072589512016 2.0849799556896094 0 0 0 0.00050000000000000001
1.9155896374232162 2.2240526469678903 2.22462032985863 -0 0 0 0.00050000000000000001
1.8485670892171364 2.2784787363552561 1.9040926414277619 -0 0 -0 0.00050000000000000001
2.3248005688751796 2.0653429907745133 1.9618559122230594 0 0 -0 0.00050000000000000001
1.7685072151646402 1.7639173209443895 2.0598159930388484 -0 -0 0 0.00050000000000000001
2.1592064226649117 2.0015580041360677 1.6981127991118079 0 0 -0 0.00050000000000000001
2.0288045158548309 2.3074132553698452 2.1468774658543532 0 0 0 0.00050000000000000001
1.7035249004956319 1.8564400016781197 1.9006340426001067 -0 -0 -0 0.00050000000000000001
1.8890351926951463 2.1213005599042356 1.6920169877131892 -0 0 -0 0.00050000000000000001
1.6530174972911984 1.9574846836892341 2.0234770630691279 -0 -0 0 0.00050000000000000001
1.9976589971918965 1.769032248469866 1.7323845650189333 -0 -0 -0 0.00050000000000000001
2.1549719594244694 1.6917092398435658 2.0888762766357765 0 -0 0 0.00050000000000000001
1.813580326381002 2.2962015697586167 2.0799160525819369 -0 0 0 0.00050000000000000001
1.6769588631598973 2.1424370546624321 2.0786509522626293 -0 0 0 0.00050000000000000001
2.189245644828949 2.1653329776737889 1.7354174816233607 0 0 -0 0.00050000000000000001
2.1396130012864525 1.8573571068915162 2.3082023994645624 0 -0 0 0.00050000000000000001
1.926703904132995 1.640461419232359 1.975895428202366 -0 -0 -0 0.00050000000000000001
1.8059649721005322 1.7046178643391887 1.8918392787873206 -0 -0 -0 0.00050000000000000001
2.1991365717694755 2.2747214445398574 1.8439834284678016 0 0 -0 0.00050000000000000001
2.0254157555576855 2.0679296496049742 1.6294821982465573 0 0 -0 0.00050000000000000001
2.3604869770749239 1.8917659121781691 1.9611714092618475 0 -0 -0 0.00050000000000000001
1.9122319262842864 2.2850868081095346 1.7624936601880401 -0 0 -0 0.00050000000000000001
2.2983121480917097 1.8557953896540802 1.8064146822048956 0 -0 -0 0.00050000000000000001
1.7127456848773415 2.1818260959296309 1.8188212423587702 -0 0 -0 0.00050000000000000001
2.0429378641644389 2.3558811814490754 1.8534186007085343 0 0 -0 0.00050000000000000001
1.7474482565212248 2.2100036775523506 2.2110305770535792 -0 0 0 0.00050000000000000001
2.3197393472704921 2.0215047592843352 1.7731804093784898 0 0 -0 0.00050000000000000001
1.6824526798599186 2.0307721923020758 2.2326759409634285 -0 0 0 0.00050000000000000001
2.2952109542072723 2.071633693984932 2.2526551717428318 0 0 0 0.00050000000000000001
2.2970800318095903 1.8792129094745043 2.2358013508051298 0 -0 0 0.00050000000000000001
2.0468532561169419 1.6895681089684866 2.249176320639966 0 -0 0 0.00050000000000000001
2.3142690765969243 1.7633315637851295 2.0842238374206206 0 -0 0 0.00050000000000000001
1.6276546549517261 2.029764871822973 1.8473435003760372 -0 0 -0 0.00050000000000000001
2.3237639535641006 2.1831477955706182 1.8368104156823777 0 0 -0 0.00050000000000000001
2.099248102955324 2.0003762336411972 2.3970141006906154 0 0 0 0.00050000000000000001
1.9020812636635636 1.7533934357189358 2.3143834690793161 -0 -0 0 0.00050000000000000001
2.3630281028635558 2.1459826324527236 2.1248508764790452 0 0 0 0.00050000000000000001
2.2147505274890995 1.7276204007404299 2.2271432064021979 0 -0 0 0.00050000000000000001
2.1860846377857226 2.1375701144471635 2.345333367722088 0 0 0 0.00050000000000000001
1.8483555685913797 1.994770041412584 2.3914626406125121 -0 -0 0 0.00050000000000000001
2.2097350841288246 1.850464578337921 1.666659599247708 0 -0 -0 0.00050000000000000001
1.7757213427393634 1.9043221381999631 1.6564476439931872 -0 -0 -0 0.00050000000000000001
1.729636070207174 2.0951644078009868 1.6879243597682128 -0 0 -0 0.00050000000000000001
2.3370882077856816 2.2568097724267826 1.9847052494166613 0 0 -0 0.00050000000000000001
2.025008250082013 1.5865614629301872 2.1034334889126227 0 -0 0 0.00050000000000000001
1.9262290763456378 2.4177977756323981 1.9377670362630945 -0 0 -0 0.00050000000000000001
1.9147389280818983 1.8337487580829133 1.6115528199039713 -0 -0 -0 0.00050000000000000001
2.187783911233427 2.3880091855735053 1.9863394103245269 0 0 -0 0.00050000000000000001
1.9847655474094512 1.6091007312112324 1.8133910546307057 -0 -0 -0 0.00050000000000000001
1.8788478356636962 2.1528748013802468 2.3916619688316896 -0 0 0 0.00050000000000000001
1.840062206430799 1.6154073818710974 2.1328711166228254 -0 -0 0 0.00050000000000000001
2.245319293489334 1.6355389672707945 1.9823306873798034 0 -0 -0 0.00050000000000000001
1.9067322015076644 2.4195522081564915 2.0982224329205432 -0 0 0 0.00050000000000000001
1.6318336048390281 1.8456564921203795 2.192222593505587 -0 -0 0 0.00050000000000000001
2.1476371633252014 1.6062059602409358 1.8560894089996565 0 -0 -0 0.00050000000000000001
2.0124865125752911 2.2396130168312065 1.6218423821781205 0 0 -0 0.00050000000000000001
2.1697913052145785 2.3856857521303252 2.1470272848698655 0 0 0 0.00050000000000000001
2.4243622307691992 1.8963829908982912 2.1047317822197988 0 -0 0 0.00050000000000000001
1.7420352760095583 1.8311733606956215 2.3313030504700003 -0 -0 0 0.00050000000000000001
2.2721052827551476 2.266997738360947 2.2413400074601713 0 0 0 0.00050000000000000001
1.8594044374085916 1.6885412768359596 1.7021162124433771 -0 -0 -0 0.00050000000000000001
2.1243331143882318 2.1543600030278003 1.5871019021880581 0 0 -0 0.00050000000000000001
1.7284785373206555 1.7047146171216045 2.2203381777598299 -0 -0 0 0.00050000000000000001
1.8289496402798091 2.0285544788271861 1.5739281864573709 -0 0 -0 0.00050000000000000001
1.6408076934430147 1.8632433917185787 1.7484986401185441 -0 -0 -0 0.00050000000000000001
2.1332303870138927 1.6776057523918468 1.6958937214338665 0 -0 -0 0.00050000000000000001
1.7311409091283259 2.1209674657202013 2.3603804538776592 -0 0 0 0.00050000000000000001
1.6440897745712817 1.7045819066735226 1.9689305300992535 -0 -0 -0 0.00050000000000000001
2.0569029783260162 2.2182638222605116 2.4092068694014372 0 0 0 0.00050000000000000001
2.369375617172663 1.7253139818667487 1.9105267243176232 0 -0 -0 0.00050000000000000001
1.9764614891359771 1.8531522073780526 2.4478446506869207 -0 -0 0 0.00050000000000000001
2.0624930326051589 2.465974166915982 2.0149771948971633 0 0 0 0.00050000000000000001
1.6689024648838999 2.3370027854806379 2.0283611517971392 -0 0 0 0.00050000000000000001
2.0932095458329147 1.8439213707852917 1.5602133966030665 0 -0 -0 0.00050000000000000001
2.470107306323837 2.0370226030840857 2.0564432647177142 0 0 0 0.00050000000000000001
2.2807332437079419 1.6875069495100161 1.771725769723046 0 -0 -0 0.00050000000000000001
1.5281582389434392 2.0709653169216384 2.0374792910720956 -0 0 0 0.00050000000000000001
1.5639473711330849 2.1693064206815404 1.8921407166762723 -0 0 -0 0.00050000000000000001
1.5818693451337125 2.1312944206040556 2.201913183939106 -0 0 0 0.00050000000000000001
2.2616270809878092 1.9504394179861591 2.4034906259888205 0 -0 0 0.00050000000000000001
2.1174873794291758 2.3500542037794827 2.3121346492354782 0 0 0 0.00050000000000000001
2.0278084798022102 1.5194311381883259 1.9406772806449675 0 -0 -0 0.00050000000000000001
1.6901951136020408 2.3490137711672361 1.8586303206967916 -0 0 -0 0.00050000000000000001
1.7824132223109799 1.5656901844585924 1.9671269808205669 -0 -0 -0 0.00050000000000000001
1.7650693715796972 2.3163648245447876 1.7074219041225522 -0 0 -0 0.00050000000000000001
2.4364861959604904 2.0087780298768192 2.2234891209985959 0 0 0 0.00050000000000000001
2.0323940111397119 2.3768036607711984 1.6825680667274834 0 0 -0 0.00050000000000000001
1.9547480448040371 2.3401818156116114 2.355811802572918 -0 0 0 0.00050000000000000001
2.4613868409001212 1.8993057951133592 1.8481972942351543 0 -0 -0 0.00050000000000000001
1.9750015092394217 1.975715650243788 1.502717761665072 -0 -0 -0 0.00050000000000000001
1.7752256291254092 2.4417414369364425 1.9483300181685368 -0 0 -0 0.00050000000000000001
1.7755879313364196 2.2705453834839826 2.356703290858682 -0 0 0 0.00050000000000000001
2.4659074956801974 2.0661846705930542 1.8280090788738681 0 0 -0 0.00050000000000000001
1.6901259757174465 1.6895032584976866 1.7598468546496691 -0 -0 -0 0.00050000000000000001
1.8583027435558992 1.6040054888920077 2.2775093823119019 -0 -0 0 0.00050000000000000001
1.9897932541220587 2.0627624501830963 2.5025032586120912 -0 0 0 0.00050000000000000001
1.5189255311111891 1.8524304633176782 2.0428959804218598 -0 -0 0 0.00050000000000000001
2.0119590752907124 2.4465544569474624 2.2387327517826394 0 0 0 0.00050000000000000001
2.3026517897970589 2.0165395716092558 1.5889670696957554 0 0 -0 0.00050000000000000001
2.0073410260980684 1.693869815453128 1.5919863948727611 0 -0 -0 0.00050000000000000001
1.4963183738766028 1.9494919837920659 1.9373358787000885 -0 -0 -0 0.00050000000000000001
1.8227054541282319 1.5606372997903697 1.8097598647981701 -0 -0 -0 0.00050000000000000001
2.3513674975800853 2.1890408317286112 1.6746490873575963 0 0 -0 0.00050000000000000001
1.6055740883108747 1.9966928640402186 1.6700583526692327 -0 -0 -0 0.00050000000000000001
1.5452883878106514 2.2402588858880415 2.0485032777511769 -0 0 0 0.00050000000000000001
2.4086597488963335 1.9549672444450297 1.6833848361160451 0 -0 -0 0.00050000000000000001
1.8440222829137436 2.2348905075725547 1.5629685301496101 -0 0 -0 0.00050000000000000001
2.5129230907744309 1.9212714613770816 1.9713506254261217 0 -0 -0 0.00050000000000000001
1.5056461889889095 1.97909020792519 2.1641963029242599 -0 -0 0 0.00050000000000000001
2.4891998924987977 2.1772150309682958 1.9701857117072019 0 0 -0 0.00050000000000000001
2.1492021832755412 2.0082318506891519 1.4957441134807445 0 0 -0 0.00050000000000000001
2.2810789701883718 1.5706775823025958 2.1109343916964152 0 -0 0 0.00050000000000000001
2.2395110024975544 2.3093485681565831 1.6467687109261129 0 0 -0 0.00050000000000000001
2.1186952792035587 1.8417978922960796 2.4904383213911063 0 -0 0 0.00050000000000000001
1.759095293812877 2.4329059748982043 2.1844966141045501 -0 0 0 0.00050000000000000001
2.1366071507706055 1.6856005049855034 2.4053423213165015 0 -0 0 0.00050000000000000001
1.6386280334737062 1.9592408668005361 2.38904861938475 -0 -0 0 0.00050000000000000001
1.5492650391843417 1.7808364453466974 1.8282758049755059 -0 -0 -0 0.00050000000000000001
2.1760499991733346 1.497171000740019 2.0091844410570605 0 -0 0 0.00050000000000000001
2.4371299768134596 2.1587411822009743 2.259389712073502 0 0 0 0.00050000000000000001
2.3424996526498028 2.407481754966116 2.0334332910808608 0 0 0 0.00050000000000000001
2.1378135263513696 1.5139482744495729 2.1811135407103142 0 -0 0 0.00050000000000000001
2.4091141149422235 2.3110317003751528 2.1502517220988961 0 0 0 0.00050000000000000001
2.1702109922757646 2.4273432612675343 1.7187173503603146 0 0 -0 0.00050000000000000001
2.2996305486291906 1.7789636527090815 2.3920295634954027 0 -0 0 0.00050000000000000001
2.3820229114514784 1.7230187086623467 2.2653894895157487 0 -0 0 0.00050000000000000001
1.9635077594658945 2.5004124538005437 1.7940668461855269 -0 0 -0 0.00050000000000000001
1.7017333954642297 2.2208776001392176 1.6021656983408832 -0 0 -0 0.00050000000000000001
1.7984778466725548 1.8784777740008027 2.4936409563157271 -0 -0 0 0.00050000000000000001
1.5639976359226408 1.6949439588124773 2.1150846442518958 -0 -0 0 0.00050000000000000001
2.2760743017277538 2.4452587001627908 1.8468878036877636 0 0 -0 0.00050000000000000001
1.8778597944257749 1.4733837822035092 2.0812557443771715 -0 -0 0 0.00050000000000000001
2.4975932847238926 1.7682863633481902 1.9856435945380668 0 -0 -0 0.00050000000000000001
1.840634342603042 1.7334167058401193 2.4562571747958746 -0 -0 0 0.00050000000000000001
2.3430556339716624 2.0679413211598172 2.4252377435712962 0 0 0 0.00050000000000000001
1.5798706004408958 2.2310623387501654 1.7259534680885096 -0 0 -0 0.00050000000000000001
2.0230942827243545 1.5894647721419202 2.3718521382627866 0 -0 0 0.00050000000000000001
2.114259750884286 2.5220876648010195 1.8552765499638688 0 0 -0 0.00050000000000000001
2.1897283639655698 1.5896493216191758 2.3240953726288431 0 -0 0 0.00050000000000000001
2.3620515475875945 1.7956148882138192 1.6275451815365007 0 -0 -0 0.00050000000000000001
1.651523785616438 1.5735430062067168 2.0758449882792882 -0 -0 0 0.00050000000000000001
2.207384486028285 2.170789163758934 2.4897225627646127 0 0 0 0.00050000000000000001
1.9937171773359021 1.5454325937406543 1.6748736676999463 -0 -0 -0 0.00050000000000000001
2.4073018959072146 2.3689947222728427 1.8955475931719712 0 0 -0 0.00050000000000000001
1.9768449078994317 1.490889158429952 2.2365206383782628 -0 -0 0 0.00050000000000000001
1.81986149122163 2.4247229565565194 2.3231583314469786 -0 0 0 0.00050000000000000001
1.6622145885007635 1.7841715360193728 1.6054407090224263 -0 -0 -0 0.00050000000000000001
1.5493588249756285 2.3247001387006092 1.8958257004297168 -0 0 -0 0.00050000000000000001
1.8121522719008116 2.486240032343777 1.7784601346892615 -0 0 -0 0.00050000000000000001
2.4801628232007786 2.240540307185471 1.819579233504204 0 0 -0 0.00050000000000000001
2.3401835586539779 2.2305561613038849 2.3900388705545086 0 0 0 0.00050000000000000001
1.9034315066164091 1.4477720441932829 1.9126638760102832 -0 -0 -0 0.00050000000000000001
1.5995401373069624 1.7297223205704246 2.3034873817943509 -0 -0 0 0.00050000000000000001
1.8389166750424752 2.0715564720647932 2.5457250802133777 -0 0 0 0.00050000000000000001
1.4825750770466621 1.9454385915280723 1.7656994959455337 -0 -0 -0 0.00050000000000000001
2.4416876753242138 1.888478657587543 2.3472522451200297 0 -0 0 0.00050000000000000001
2.1337340324861831 2.3079354756580992 1.5318804163200388 0 0 -0 0.00050000000000000001
1.7061811297581977 2.050526329085844 2.4946520530635934 -0 0 0 0.00050000000000000001
2.1060621302893683 2.5442464715077131 2.1500950836615527 0 0 0 0.00050000000000000001
1.5503715724257199 2.299643632431787 2.205405093696168 -0 0 0 0.00050000000000000001
2.2758435544081683 2.1718087516826721 1.5191613986312931 0 0 -0 0.00050000000000000001
1.6765899700655646 1.5403620791943979 1.8712556033923322 -0 -0 -0 0.00050000000000000001
1.670634924837785 1.9500159452226822 1.5254288655969834 -0 -0 -0 0.00050000000000000001
2.1817539564358164 2.0120317289125644 2.5529031838180614 0 0 0 0.00050000000000000001
1.800613798808864 1.697013340495142 1.5459222967579058 -0 -0 -0 0.00050000000000000001
1.88382355420106 1.8402660957973609 1.450684241829939 -0 -0 -0 0.00050000000000000001
2.1425940947174906 1.4935650156410418 1.747210936596908 0 -0 -0 0.00050000000000000001
1.8092248263792354 2.2067587327668554 2.5151170988217348 -0 0 0 0.00050000000000000001
2.4642240949314633 1.7424496471901278 1.7494278003942174 0 -0 -0 0.00050000000000000001
1.8967648545914475 2.132899435822734 1.4357474953709184 -0 0 -0 0.00050000000000000001
1.4524754829888651 1.7978996523841571 1.9476269558083052 -0 -0 -0 0.00050000000000000001
2.444249686321009 1.6300382798841038 2.1128509331964462 0 -0 0 0.00050000000000000001
2.0949852712318155 2.3020889522734631 2.4975540474318532 0 0 0 0.00050000000000000001
1.5068689555731869 1.9005763021626176 2.3114053859592474 -0 -0 0 0.00050000000000000001
2.5182953316852208 1.773336131500129 2.1727254146535588 0 -0 0 0.00050000000000000001
2.3093263384815899 2.470967117527846 2.1754314618046973 0 0 0 0.00050000000000000001
2.3857003970734958 2.3579536627055711 1.7253312212912522 0 0 -0 0.00050000000000000001
2.3766994531981611 1.5402708335050623 1.9777689819581352 0 -0 -0 0.00050000000000000001
2.0064596475909013 1.6716276490468314 2.4989627204831582 0 -0 0 0.00050000000000000001
1.7062899332286068 2.514801240844819 2.067245959788536 -0 0 0 0.00050000000000000001
1.7132824646965186 1.6392386933364311 2.3815268687497499 -0 -0 0 0.00050000000000000001
1.4741867700317577 2.1176294996150289 1.7416228877249118 -0 0 -0 0.00050000000000000001
1.5769888792040727 2.2392045761475763 2.3531842546254333 -0 0 0 0.00050000000000000001
2.2908686160204748 1.501558617563223 1.8349039011073867 0 -0 -0 0.00050000000000000001
1.9413406884266189 2.5973087652825884 2.0041635173118801 -0 0 0 0.00050000000000000001
1.9037360828092813 2.4705280820060964 1.6355384706554239 -0 0 -0 0.00050000000000000001
2.2651253538974148 2.3503470060639842 2.4104562770505362 0 0 0 0.00050000000000000001
2.554166316421119 2.1711871346293057 2.16019762139033 0 0 0 0.00050000000000000001
2.0202021997947481 1.4077437834440705 2.1168044620515447 0 -0 0 0.00050000000000000001
2.2937655969766029 1.6290886312233899 1.6202726969998396 0 -0 -0 0.00050000000000000001
2.5958316462970052 2.089742320447586 1.9393897388989958 0 0 -0 0.00050000000000000001
2.0937208279140331 2.1762487315404391 1.4236478763261495 0 0 -0 0.00050000000000000001
2.5905316482668388 2.0050759713175634 2.1403379617662392 0 0 0 0.00050000000000000001
1.9066483721136731 2.5769519427413794 2.1689542917702092 -0 0 0 0.00050000000000000001
1.7380956253090944 1.4912988610285018 2.2093477916135922 -0 -0 0 0.00050000000000000001
1.8070167726062307 1.9858989694119886 1.419440173610595 -0 -0 -0 0.00050000000000000001
2.053561638112162 1.9219816922158153 2.6066287186381589 0 -0 0 0.00050000000000000001
2.4312940164905839 1.6136935312232044 1.7972682252678895 0 -0 -0 0.00050000000000000001
1.4030921798108977 2.0890227979045384 1.893825816523836 -0 0 -0 0.00050000000000000001
2.3792248777471579 2.3826910517922588 2.2902273874316528 0 0 0 0.00050000000000000001
2.065949706936137 2.1589819473727228 2.5920362218471924 0 0 0 0.00050000000000000001
1.9686865229341426 2.2595944430594201 2.5592763788962043 -0 0 0 0.00050000000000000001
1.8439207304410088 1.5466167594186637 1.6140473119191336 -0 -0 -0 0.00050000000000000001
1.7190754477249144 2.1161847100772944 1.4609589880176639 -0 0 -0 0.00050000000000000001
1.9153722400661948 1.9275890470974293 2.6114011562740789 -0 -0 0 0.00050000000000000001
1.9608706237487559 2.3572757976909013 1.4928805721002214 -0 0 -0 0.00050000000000000001
2.2642152334229015 1.8870050559758866 1.4471888125062748 0 -0 -0 0.00050000000000000001
2.3592163995697382 1.5561271723108541 2.246178790753564 0 -0 0 0.00050000000000000001
2.5271066778360973 2.3266565750853565 2.0071705648793805 0 0 0 0.00050000000000000001
2.2735353813755719 2.5575027668224219 2.0054733224198689 0 0 0 0.00050000000000000001
1.5634475271472985 2.1009388833729088 1.5660472419899794 -0 0 -0 0.00050000000000000001
2.1201161249708487 1.8602317702508007 1.4006961555311039 0 -0 -0 0.00050000000000000001
2.0171409483421039 1.4049552396647558 1.8117146071038728 0 -0 -0 0.00050000000000000001
1.4165616167993629 2.1731856489165393 2.150674781150574 -0 0 0 0.00050000000000000001
1.4555799573517934 2.0750241196788313 2.3049945887336203 -0 0 0 0.00050000000000000001
1.7082150846736048 2.370891934344872 1.5838706587860605 -0 0 -0 0.00050000000000000001
1.5227389906123268 1.6192223795625087 1.8606910873913709 -0 -0 -0 0.00050000000000000001
1.6577510933541084 2.2094440240648687 2.4883175022048052 -0 0 0 0.00050000000000000001
2.0498247619041603 2.0018991646595161 1.368808399327289 0 0 -0 0.00050000000000000001
2.2116157378830326 2.5054586905187639 2.3096850547296683 0 0 0 0.00050000000000000001
2.13069299347117 2.6170322313045853 1.9957188111347415 0 0 -0 0.00050000000000000001
1.5722898014268429 2.4673375852905504 2.0022627698484476 -0 0 0 0.00050000000000000001
1.4843555056479436 1.8455664400886198 1.6687673234743379 -0 -0 -0 0.00050000000000000001
1.4023691075346325 2.2138998012517472 1.9961711266593585 -0 0 -0 0.00050000000000000001
1.6963280997803751 1.5363090961318155 1.6940633227276214 -0 -0 -0 0.00050000000000000001
1.5907550750855779 1.5739406110060083 2.2349478357008064 -0 -0 0 0.00050000000000000001
1.6533723908320832 2.462788059925864 1.7307667493393217 -0 0 -0 0.00050000000000000001
1.883983708100563 1.5680606942189781 2.4571673430840426 -0 -0 0 0.00050000000000000001
1.6467649345616009 1.7594901662555953 2.4775054920098585 -0 -0 0 0.00050000000000000001
2.147299765984815 1.5322960632902727 1.5887374269158345 0 -0 -0 0.00050000000000000001
1.5611975023378926 2.4433747926804399 2.1481158122829012 -0 0 0 0.00050000000000000001
2.540830408883314 2.0612523473815521 1.6586269068033446 0 0 -0 0.00050000000000000001
2.0419113773422608 2.5192252850135888 2.3737189358257211 0 0 0 0.00050000000000000001
2.2636474045295851 1.8448578879534814 2.5668995023499459 0 -0 0 0.00050000000000000001
2.4386126793877967 2.1305822713392129 1.544520683953956 0 0 -0 0.00050000000000000001
1.8363965526294019 2.3819535324138328 2.4941114603726242 -0 0 0 0.00050000000000000001
2.5154718943036145 1.6138619623754122 1.9534683713506595 0 -0 -0 0.00050000000000000001
1.9486028829832598 1.6526188874904391 1.4574685543445756 -0 -0 -0 0.00050000000000000001
2.3890561420442222 1.8799992556862 2.503141111274048 0 -0 0 0.00050000000000000001
1.5387699844754714 2.0951680168771847 2.447758013960101 -0 0 0 0.00050000000000000001
2.1324957158752174 1.6484490722809464 1.4700486665247352 0 -0 -0 0.00050000000000000001
2.0606635967487956 1.356156983672258 1.9556110328899299 0 -0 -0 0.00050000000000000001
1.8682064413563788 1.4201082048454321 1.7425157180478963 -0 -0 -0 0.00050000000000000001
1.4245097426898501 2.2540439752581034 1.8338966999493311 -0 0 -0 0.00050000000000000001
1.8453321066392476 2.6185640236997454 1.8662461741680032 -0 0 -0 0.00050000000000000001
2.6219831721008813 1.9753752026485405 1.8036020791369134 0 -0 -0 0.00050000000000000001
2.5790790997942494 1.9860399191642089 2.2991400682605967 0 -0 0 0.00050000000000000001
2.4984452811231073 2.1058411890141984 2.4075489367756884 0 0 0 0.00050000000000000001
1.369837984740423 1.8498497201232424 2.0873353933855245 -0 -0 0 0.00050000000000000001
1.6651994614050238 2.3765512994926721 2.4215530243097265 -0 0 0 0.00050000000000000001
2.299348741741511 1.718941678415997 1.4855281968264527 0 -0 -0 0.00050000000000000001
1.3443692321350014 1.9782414456683806 1.9944205543065829 -0 -0 -0 0.00050000000000000001
1.6881546145039457 2.5714546146460662 1.9045126451617114 -0 0 -0 0.00050000000000000001
2.0734775054998678 2.47435968630763 1.5470448580604916 0 0 -0 0.00050000000000000001
1.6727500933079495 1.9091794254613206 2.5683470694178068 -0 -0 0 0.00050000000000000001
1.6004351396607368 1.6389324370665206 1.6225411863944945 -0 -0 -0 0.00050000000000000001
2.57947706465146 1.8820835822239248 1.7023559373669737 0 -0 -0 0.00050000000000000001
2.5103320463042276 2.2495186089215373 1.6596097072253662 0 0 -0 0.00050000000000000001
1.8001568945343804 2.2836141935034577 1.4337243085311016 -0 0 -0 0.00050000000000000001
1.9330779770499662 1.7725053185888597 2.6221643838433368 -0 -0 0 0.00050000000000000001
2.0125529926024699 2.6468020600598794 1.8537756729680659 0 0 -0 0.00050000000000000001
2.2866912744704648 2.0476779517442796 1.3990291617481936 0 0 -0 0.00050000000000000001
2.6068804762871172 2.1646282236985317 1.7830079491765563 0 0 -0 0.00050000000000000001
2.3195225078129691 1.415593443624954 2.0106536938439898 0 -0 0 0.00050000000000000001
2.3139038408405685 2.4931503503949015 1.6789749399212954 0 0 -0 0.00050000000000000001
1.6879520019843686 1.7823683650598581 1.4523439667842246 -0 -0 -0 0.00050000000000000001
2.1252317335153492 2.4696908698976108 2.4571001737886946 0 0 0 0.00050000000000000001
1.4391500037138578 2.3579084629484361 2.0754595920883441 -0 0 0 0.00050000000000000001
2.6424689669246817 1.8308541053099774 2.0817582931430936 0 -0 0 0.00050000000000000001
2.6370222554373073 1.827081655297909 1.8802132893114001 0 -0 -0 0.00050000000000000001
1.5453415720306127 2.3827741814187351 1.6870151117554293 -0 0 -0 0.00050000000000000001
1.4720858388381854 1.9900163958999388 1.5860729101658495 -0 -0 -0 0.00050000000000000001
1.9990006483254026 1.7683629398855019 1.3669158512654014 -0 -0 -0 0.00050000000000000001
1.3480801442287895 2.0158751668089114 2.1685488260256887 -0 0 0 0.00050000000000000001
1.7396467307700316 1.3840200703631407 1.9364862691457392 -0 -0 -0 0.00050000000000000001
2.0898287863242211 1.4466017921858172 2.3773317335413573 0 -0 0 0.00050000000000000001
2.2681047094626878 1.4649231638563744 1.6856797493462963 0 -0 -0 0.00050000000000000001
1.3984161986213537 1.7841673366026336 1.7862206708129156 -0 -0 -0 0.00050000000000000001
1.8586067161309949 1.37644240536777 2.2208824532063991 -0 -0 0 0.00050000000000000001
2.3361059399566866 2.0268392630672225 2.5883399259801676 0 0 0 0.00050000000000000001
2.3522717378962126 1.5830057690586876 2.4045071574474628 0 -0 0 0.00050000000000000001
2.1456215466719759 1.6263262814104276 2.5505527838676891 0 -0 0 0.00050000000000000001
1.7712735726857292 1.4684706065705455 2.3577632297233357 -0 -0 0 0.00050000000000000001
1.7033380135432039 1.394608057242664 2.0788318269346737 -0 -0 0 0.00050000000000000001
2.4471795737797906 1.7297087571908945 2.4380647166110636 0 -0 0 0.00050000000000000001
1.8789971685227627 2.5754811057962073 2.3450133782850764 -0 0 0 0.00050000000000000001
2.5185899798468872 1.9132778962109445 1.561117645658286 0 -0 -0 0.00050000000000000001
2.4222640505957029 2.006510156504183 1.4591477548153136 0 0 -0 0.00050000000000000001
2.3632209887041475 2.2913125333366193 1.4958746377566725 0 0 -0 0.00050000000000000001
2.5116027999053676 2.2964967687492353 2.3406961580226473 0 0 0 0.00050000000000000001
2.1845956346533368 1.3450387338490595 2.0815318760878676 0 -0 0 0.00050000000000000001
2.2511384259843488 2.6032422714957302 1.7928729252809907 0 0 -0 0.00050000000000000001
2.4746979154957169 2.4829437776013803 2.0979839310541077 0 0 0 0.00050000000000000001
1.7943224341346575 2.6550932108817897 2.0329789022854365 -0 0 0 0.00050000000000000001
2.6461216478457228 2.2233280867600285 1.9314797955457301 0 0 -0 0.00050000000000000001
2.4126057195359856 2.5256126437749717 1.8372682015128823 0 0 -0 0.00050000000000000001
2.1206560068954841 1.7739412928678175 2.6429673443603137 0 -0 0 0.00050000000000000001
2.2427385731223808 2.6195020212951468 2.1752136060325364 0 0 0 0.00050000000000000001
2.4147633597828819 1.8266614036801714 1.4715932895582693 0 -0 -0 0.00050000000000000001
2.2683173666808334 2.432252955761864 1.5288371122820128 0 0 -0 0.00050000000000000001
2.1418054645367297 2.5832765142306919 1.6536878966716229 0 0 -0 0.00050000000000000001
2.574091505689335 2.3395363252382211 2.1788227915300209 0 0 0 0.00050000000000000001
2.1309633369319956 1.3608537396613367 2.2369144770177218 0 -0 0 0.00050000000000000001
2.3394101567325292 2.2179647609903519 2.5646562466923544 0 0 0 0.00050000000000000001
1.4036004293570383 1.6806636441806082 2.1554865217697881 -0 -0 0 0.00050000000000000001
2.5715798796418348 2.3603232350601333 1.8378820620336831 0 0 -0 0.00050000000000000001
1.9885372842355744 1.4997884948960427 1.515818838490484 -0 -0 -0 0.00050000000000000001
1.823504395549753 2.4444096049533939 1.4900542270019408 -0 0 -0 0.00050000000000000001
1.9184976253340376 2.1337589072731298 2.6828159319089129 -0 0 0 0.00050000000000000001
2.4726014974980215 1.6287681198698196 1.6405552904090743 0 -0 -0 0.00050000000000000001
1.5492829836844062 2.5082830158536633 1.8317464068930789 -0 0 -0 0.00050000000000000001
2.5670250096440377 1.7810582024621242 2.3469902957511968 0 -0 0 0.00050000000000000001
2.6807844752243897 2.1452386542992063 2.0640844744252007 0 0 0 0.00050000000000000001
2.2614693360889428 1.4287369423669167 2.3134841608961083 0 -0 0 0.00050000000000000001
2.3101219375345616 1.6701212023656993 2.5384403873658781 0 -0 0 0.00050000000000000001
1.7689690882675864 2.6237355710282646 2.2266267348658713 -0 0 0 0.00050000000000000001
1.443676757467681 1.7402730959058805 2.3444745813153141 -0 -0 0 0.00050000000000000001
1.7547335952679264 1.7651577796692335 2.6201742625859299 -0 -0 0 0.00050000000000000001
2.2292474217182905 1.3434500611289295 1.8875806883825483 0 -0 -0 0.00050000000000000001
1.5181388589060218 1.9374937459476349 2.5147850252535293 -0 -0 0 0.00050000000000000001
2.4999252220767372 1.609140555968587 2.3105929507713516 0 -0 0 0.00050000000000000001
1.4604626503836866 1.6629648550513068 1.6986013222438512 -0 -0 -0 0.00050000000000000001
1.3577346440267744 1.8305344377960657 2.2432973825352724 -0 -0 0 0.00050000000000000001
2.0335123393451497 2.6565638723381637 2.2590582288635335 0 0 0 0.00050000000000000001
1.9261402539518628 1.9333568412732545 1.2962034469735284 -0 -0 -0 0.00050000000000000001
1.5815697352462823 2.2872506857173636 1.5031845753536242 -0 0 -0 0.00050000000000000001
1.7769674741179051 1.6228808210943699 2.5616907876674722 -0 -0 0 0.00050000000000000001
1.3132040391550772 1.9080096692504482 1.8502428933770028 -0 -0 -0 0.00050000000000000001
1.6274275519435768 2.5487096926558155 2.2591224702018544 -0 0 0 0.00050000000000000001
1.8789641618817094 1.30222421114799 2.0572769156627433 -0 -0 0 0.00050000000000000001
2.6441708621473623 1.6977694580738354 2.0424553760370179 0 -0 0 0.00050000000000000001
2.457159311128772 1.4613495945850359 2.1012805475189373 0 -0 0 0.00050000000000000001
1.9910084527411949 2.1328256014821423 1.2956054647033286 -0 0 -0 0.00050000000000000001
1.8136475396879863 1.7191812216919422 1.369728793731936 -0 -0 -0 0.00050000000000000001
2.00030188789398 2.2916598013260336 1.3438209872904894 0 0 -0 0.00050000000000000001
2.7146608390099569 1.973091678782732 1.9901199644905196 0 -0 -0 0.00050000000000000001
2.2152105153070667 1.4969224439161917 2.4648037313044346 0 -0 0 0.00050000000000000001
1.7080752656614995 2.5290481502282138 2.3878991833905894 -0 0 0 0.00050000000000000001
1.9226995775384046 1.4051356883304678 2.3956865669338465 -0 -0 0 0.00050000000000000001
1.3993139351542938 2.2360445200136772 2.3191397999951824 -0 0 0 0.00050000000000000001
1.3465711352282317 2.0047012582695158 1.7031470053649151 -0 0 -0 0.00050000000000000001
1.5904347762826301 1.4186271302579176 1.9097350664744148 -0 -0 -0 0.00050000000000000001
2.267258423566799 2.2244939801590227 1.366279649158304 0 0 -0 0.00050000000000000001
2.5986899419927805 1.6403850320436042 2.1798802249924374 0 -0 0 0.00050000000000000001
2.4995541086070934 1.9967574973819753 2.5201029175799978 0 -0 0 0.00050000000000000001
2.253336219643959 2.3360800240365047 2.5861947861602399 0 0 0 0.00050000000000000001
1.6946984046131115 1.3876170296023644 1.7756927131716198 -0 -0 -0 0.00050000000000000001
1.5208633709410868 2.433225111266093 2.3291210398564357 -0 0 0 0.00050000000000000001
1.53399965801654 1.5115269374807558 1.7466737734102775 -0 -0 -0 0.00050000000000000001
2.2304330751153278 2.1523762792408996 2.6708952942297679 0 0 0 0.00050000000000000001
1.7702618769699499 2.0236376618348921 2.6912095390808659 -0 0 0 0.00050000000000000001
2.5525648594869628 1.7619795003646206 1.5899903691708792 0 -0 -0 0.00050000000000000001
2.0013473107767279 1.3817045992401962 1.6201471877299578 0 -0 -0 0.00050000000000000001
2.0204431401502534 1.5041598148256574 2.534337323583352 0 -0 0 0.00050000000000000001
2.1594297646574852 2.0845072176972281 1.2912843864575509 0 0 -0 0.00050000000000000001
2.0970317034268944 2.0462471701448477 2.7227747554592856 0 0 0 0.00050000000000000001
1.4837915679557594 1.7594300622679062 1.547890219639247 -0 -0 -0 0.00050000000000000001
1.413589619860721 2.4253726790766885 1.9084158143413252 -0 0 -0 0.00050000000000000001
1.4892162430907447 1.4926082847516366 2.1112711618639 -0 -0 0 0.00050000000000000001
1.8224248733436856 2.6334294412456991 1.6794907780878296 -0 0 -0 0.00050000000000000001
1.714545207725868 2.18165151066562 2.6520885844799809 -0 0 0 0.00050000000000000001
2.1455201779198241 2.3836896886926695 1.390261159568777 0 0 -0 0.00050000000000000001
1.6115750871551962 2.0710508759410189 2.6211959377948757 -0 0 0 0.00050000000000000001
1.9242450192394844 2.7191445563368974 2.1171014808217428 -0 0 0 0.00050000000000000001
2.3257224829989265 1.3654849239976619 2.1754183127535769 0 -0 0 0.00050000000000000001
1.8270648365127506 1.536589848792737 1.4580363600315962 -0 -0 -0 0.00050000000000000001
2.6781345818251507 1.8148165424726732 2.2140861357010442 0 -0 0 0.00050000000000000001
1.7230663385239238 2.5519716720262822 1.5975453980331218 -0 0 -0 0.00050000000000000001
1.5164394770328169 1.8851907716667227 1.4577077374288683 -0 -0 -0 0.00050000000000000001
2.3494691019904579 2.5007760278320261 2.4086011226956563 0 0 0 0.00050000000000000001
2.4387551557412079 1.4805708882830091 1.7110048183165087 0 -0 -0 0.00050000000000000001
1.3981029812282348 2.1506370240013668 1.6005004509187044 -0 0 -0 0.00050000000000000001
2.5479034489219168 2.4885242461212931 1.9356282947358281 0 0 -0 0.00050000000000000001
2.6318862124985083 2.1761221483867459 2.33694861333707 0 0 0 0.00050000000000000001
1.5391361732280884 1.6107525151716586 2.4307346754127526 -0 -0 0 0.00050000000000000001
2.3797696570591187 2.3677428215646921 2.5164964298295098 0 0 0 0.00050000000000000001
1.9697565453511163 2.5266675882715384 2.5209731675684242 -0 0 0 0.00050000000000000001
2.1833078399966688 1.3350198629294545 1.7274820042966472 0 -0 -0 0.00050000000000000001
1.6392030397951824 1.9214475525298718 1.3554540457633173 -0 -0 -0 0.00050000000000000001
2.1875240184285971 1.7385087664240644 1.3273237610348785 0 -0 -0 0.00050000000000000001
2.387171038953364 2.574829088415429 2.2618246139125873 0 0 0 0.00050000000000000001
1.8702272919363356 1.2821739826048695 1.8624355588650086 -0 -0 -0 0.00050000000000000001
1.3896153298028309 2.3217943152000329 1.7188428080012108 -0 0 -0 0.00050000000000000001
2.1092441913178268 2.2976076662887115 2.6757488650779937 0 0 0 0.00050000000000000001
1.6809866218649321 1.5409190364172642 1.508757310053106 -0 -0 -0 0.00050000000000000001
1.3701336859551276 1.6238015684393086 1.8766608748145821 -0 -0 -0 0.00050000000000000001
1.975747245479847 2.4067759053094147 2.6275974315921244 -0 0 0 0.00050000000000000001
2.6468337668946931 1.6450287636219736 1.8724894218760411 0 -0 -0 0.00050000000000000001
1.3946965572970984 1.8699394652264141 2.4235203378390815 -0 -0 0 0.00050000000000000001
2.0369153664822064 2.7469334420199774 1.9914874189371259 0 0 -0 0.00050000000000000001
2.10881608839051 2.7269909331387234 2.137589793915021 0 0 0 0.00050000000000000001
1.7825846283550186 1.8714475295289383 1.2923413641819135 -0 -0 -0 0.00050000000000000001
1.3029135208988341 1.7276960895039695 2.0327112347183456 -0 -0 0 0.00050000000000000001
1.3939401002962044 2.3672440488581632 2.2540789128052703 -0 0 0 0.00050000000000000001
1.9883736736178563 2.6646522161019535 1.6468822785926496 -0 0 -0 0.00050000000000000001
2.7103655124262667 2.0960797605402384 2.2233386224762874 0 0 0 0.00050000000000000001
1.6160124961596904 1.4593269969199678 2.3574642346665846 -0 -0 0 0.00050000000000000001
2.5087514885254003 1.4590873261834609 1.8658957166766728 0 -0 -0 0.00050000000000000001
2.5175818820078715 2.4676157822305362 1.7136933410304835 0 0 -0 0.00050000000000000001
2.6593135414165392 1.7363132189202404 1.739784530892333 0 -0 -0 0.00050000000000000001
1.2769294382773457 2.1577044583160512 1.8507134259009956 -0 0 -0 0.00050000000000000001
2.366987501501876 2.6536872958473103 1.9175297930805917 0 0 -0 0.00050000000000000001
2.596573213983266 1.5366613823718134 2.0530619005860542 0 -0 0 0.00050000000000000001
1.8562467650105585 1.8542792844018476 2.7327774329670591 -0 -0 0 0.00050000000000000001
1.6686656067304568 2.3468349926810066 2.5898656156767403 -0 0 0 0.00050000000000000001
1.3107604079619133 1.9742821445022649 2.3178785090868201 -0 -0 0 0.00050000000000000001
2.3915219093782079 2.6396318033834012 2.0972399123487513 0 0 0 0.00050000000000000001
1.8235514682556222 2.2974089281215733 2.6789906469493969 -0 0 0 0.00050000000000000001
2.4251525776140839 2.1519944954999799 1.3845985675301926 0 0 -0 0.00050000000000000001
1.7521280092216986 1.4068004171650741 1.5976135094933199 -0 -0 -0 0.00050000000000000001
2.5119411497904638 2.2570012868858798 2.498646762904198 0 0 0 0.00050000000000000001
2.1671441543297192 2.6377527298613543 2.3779951356234208 0 0 0 0.00050000000000000001
1.6181131663655013 2.6498420525821538 2.1175147475834262 -0 0 0 0.00050000000000000001
2.2062915819588542 2.7255660129991708 1.8952214918547314 0 0 -0 0.00050000000000000001
1.8051087588911343 2.5387564693941842 2.5060829587418176 -0 0 0 0.00050000000000000001
1.4785805694776746 1.7605527187100767 2.5077573069824055 -0 -0 0 0.00050000000000000001
2.5374732430995923 2.4663343764508499 2.2715096799372674 0 0 0 0.00050000000000000001
1.6551554374389217 2.6347936431724484 1.7453964713604098 -0 0 -0 0.00050000000000000001
1.895806139649499 2.5924165444575582 1.5234820194509999 -0 0 -0 0.00050000000000000001
1.509348657752664 2.3570775101021995 2.4717403947054297 -0 0 0 0.00050000000000000001
1.8365402416824752 2.2107954179376215 1.2781560215811796 -0 0 -0 0.00050000000000000001
1.6548591158587627 2.0729338678724116 1.3170292369240069 -0 0 -0 0.00050000000000000001
2.0329528306518925 1.2447755499141451 1.8714856068212511 0 -0 -0 0.00050000000000000001
1.431380711698804 1.5694420143475054 2.2853643221322315 -0 -0 0 0.00050000000000000001
2.4743827117687252 2.1197998853897029 2.5926610732127329 0 0 0 0.00050000000000000001
2.123592692345464 1.9053194152458652 1.2429073755971469 0 -0 -0 0.00050000000000000001
1.9574145288182665 1.9840290164015386 2.7722233113716994 -0 -0 0 0.00050000000000000001
1.664641499917128 1.5206757537614104 2.5044425901467204 -0 -0 0 0.00050000000000000001
1.5830036290065601 1.3867069118948632 2.2076572079716836 -0 -0 0 0.00050000000000000001
1.804449140075832 2.0457440123385267 1.2524128975694073 -0 0 -0 0.00050000000000000001
2.1070135152451313 2.7234371316617616 1.7519881020717585 0 0 -0 0.00050000000000000001
1.9898840496122323 1.2701527173207783 2.2543546260134186 -0 -0 0 0.00050000000000000001
2.0181506433191108 1.8319188862568736 2.7582641184930683 0 -0 0 0.00050000000000000001
1.4275319963413931 1.498318371348681 1.8768045384078078 -0 -0 -0 0.00050000000000000001
2.4132478907307995 1.7683971551429205 2.614548560431083 0 -0 0 0.00050000000000000001
2.2720701757819173 1.977417870282578 2.7273203513634439 0 -0 0 0.00050000000000000001
2.0582946943404545 1.2331752079543115 2.0973355421944073 0 -0 0 0.00050000000000000001
1.4907502649579012 2.1664000487221835 1.4375366549366313 -0 0 -0 0.00050000000000000001
1.2306356157637386 2.0736450547786358 2.0777089084407652 -0 0 0 0.00050000000000000001
2.757689319294315 1.9557133862581204 2.1635109025898021 0 -0 0 0.00050000000000000001
1.2567342303781281 2.2252137874279585 2.050725789720393 -0 0 0 0.00050000000000000001
2.4148096823140714 1.5930914740626294 1.4785534253425352 0 -0 -0 0.00050000000000000001
1.9700459435397915 1.2685338005172826 1.7380481777951682 -0 -0 -0 0.00050000000000000001
1.6607903685914664 2.2344863102078372 1.3363178147495165 -0 0 -0 0.00050000000000000001
1.2623372378423303 2.1474838766647601 2.2099243422972905 -0 0 0 0.00050000000000000001
1.5691567150078471 2.4550967313416119 1.5323770583672029 -0 0 -0 0.00050000000000000001
2.4727669301819106 1.4451120754925033 2.2831410434930497 0 -0 0 0.00050000000000000001
2.0482701240471006 1.6340198623441058 2.6925299941467835 0 -0 0 0.00050000000000000001
2.761807962346686 2.0860381083089212 1.8453879498482932 0 0 -0 0.00050000000000000001
2.0610209284028369 1.6127168664688205 1.3206947765007786 0 -0 -0 0.00050000000000000001
2.6112048072714895 1.868200546584762 2.4715410705272292 0 -0 0 0.00050000000000000001
2.7133363653642708 2.0663009428096233 1.679261292925798 0 0 -0 0.00050000000000000001
2.2885920118375749 1.9177774021917562 1.2712393544426637 0 -0 -0 0.00050000000000000001
1.4643801158841714 2.5716953168017174 2.0616331182643188 -0 0 0 0.00050000000000000001
2.5999150416150187 1.5565062386730397 1.7496644965212003 0 -0 -0 0.00050000000000000001
2.1566766524404102 2.2806922142154451 1.2787362332191445 0 0 -0 0.00050000000000000001
2.1752922414276252 1.3672106039379082 1.5664928525295141 0 -0 -0 0.00050000000000000001
2.5378798076553131 2.277209397893412 1.4934084936584093 0 0 -0 0.00050000000000000001
1.8911458722768342 1.5742746187516361 2.657276603990292 -0 -0 0 0.00050000000000000001
1.301173013943201 1.8480779470152384 1.6736452443594461 -0 -0 -0 0.00050000000000000001
2.6438000860899726 2.4470159834132339 2.060368699110469 0 0 0 0.00050000000000000001
2.2260187016238016 1.4821986755111307 1.4470321128874066 0 -0 -0 0.00050000000000000001
2.361229344406472 1.4655794145055439 1.5417572116239566 0 -0 -0 0.00050000000000000001
2.6351439051263505 2.3462655518298328 1.6812781484319776 0 0 -0 0.00050000000000000001
1.5377338486977097 2.227843626347163 2.6039833090294882 -0 0 0 0.00050000000000000001
1.4329012463692292 2.3081219501936561 1.5410955504395671 -0 0 -0 0.00050000000000000001
2.7208998253626122 1.903977589914053 1.6831025476007619 0 -0 -0 0.00050000000000000001
1.4142295384794088 2.2177774715622185 2.4914844803339959 -0 0 0 0.00050000000000000001
1.3551661767189902 1.5451810430245281 2.0513779304139645 -0 -0 0 0.00050000000000000001
2.6518273554878107 2.0349469845670112 2.4489866528626214 0 0 0 0.00050000000000000001
1.6621557041041104 2.3972840965398587 1.3987852204539544 -0 0 -0 0.00050000000000000001
1.8592467234358583 1.4506855435261059 2.5595016109142823 -0 -0 0 0.00050000000000000001
2.6522666664104744 1.9849245758615091 1.5417630610496231 0 -0 -0 0.00050000000000000001
2.248735528860748 2.5523457645764611 2.5132141484522448 0 0 0 0.00050000000000000001
1.860727909161018 2.7815345584064692 1.944866126725074 -0 0 -0 0.00050000000000000001
1.2827575236832325 2.336013773618105 1.9120656797906912 -0 0 -0 0.00050000000000000001
2.2799782888669142 1.8071533769222521 2.7234078187165673 0 -0 0 0.00050000000000000001
1.8766406937002924 2.3958778961659228 1.3152745126762915 -0 0 -0 0.00050000000000000001
1.5405630302878304 1.6434012120150729 1.456126937178174 -0 -0 -0 0.00050000000000000001
1.5675836147137918 1.8127775257572549 2.6490170562365485 -0 -0 0 0.00050000000000000001
1.3318424826287059 2.0939450941048507 2.4323684386481572 -0 0 0 0.00050000000000000001
2.119827519548148 2.4848768664352581 2.6243615702116845 0 0 0 0.00050000000000000001
1.7281952933430542 1.3189703200978369 2.3200523730010714 -0 -0 0 0.00050000000000000001
2.72778642213654 2.304980934189246 2.1210225368715667 0 0 0 0.00050000000000000001
2.2864212136794704 1.6013366295650784 1.3637243509533312 0 -0 -0 0.00050000000000000001
1.2046597504452592 2.0353200965599849 1.9128928104431622 -0 0 -0 0.00050000000000000001
1.8985609616298758 2.7604233531521434 1.7644126811387744 -0 0 -0 0.00050000000000000001
1.9715046386492006 2.2822246662760048 2.7533518713780407 -0 0 0 0.00050000000000000001
2.6710867883257166 2.2160211530126315 1.6125700951858035 0 0 -0 0.00050000000000000001
2.6030476493723032 2.1255782458488031 1.4797477501530727 0 0 -0 0.00050000000000000001
2.0136894085972208 2.4854037579460755 1.3552683815898803 0 0 -0 0.00050000000000000001
1.8773705969327004 2.7424019057592934 2.2840682954578537 -0 0 0 0.00050000000000000001
1.2199041783162539 1.9055804368028406 2.1757690518807888 -0 -0 0 0.00050000000000000001
1.8945181964259283 1.7753781307519729 1.2315094872961807 -0 -0 -0 0.00050000000000000001
1.2107244720169479 1.8421949410367333 1.9929192709721419 -0 -0 -0 0.00050000000000000001
2.6611867131216798 2.3356630511780621 2.3110683231743718 0 0 0 0.00050000000000000001
2.5135854283547312 2.4424178419080871 2.4336719928311541 0 0 0 0.00050000000000000001
2.2252773247678328 1.6561081964645443 2.6984708638254586 0 -0 0 0.00050000000000000001
1.6194009496145876 1.6500439024289961 2.6252007162121949 -0 -0 0 0.00050000000000000001
1.6769535481681346 1.883502413878088 2.73674598051507 -0 -0 0 0.00050000000000000001
1.658146081422269 2.7333156637323963 1.9667692359378575 -0 0 -0 0.00050000000000000001
2.4303182333600044 1.3245480848172004 1.8753922213079495 0 -0 -0 0.00050000000000000001
2.7260271307609445 1.910931237534401 2.3468973216057387 0 -0 0 0.00050000000000000001
2.3642161412640723 1.3278584859143105 1.7276536550366628 0 -0 -0 0.00050000000000000001
2.3563796164655826 1.7597166013059189 1.3078342240329319 0 -0 -0 0.00050000000000000001
1.7389050013408633 2.7470466761737504 1.8164668823752446 -0 0 -0 0.00050000000000000001
1.8306317365269635 1.2821934328124449 1.6643944142610734 -0 -0 -0 0.00050000000000000001
2.7088189242873382 2.3884547060345449 1.932410906968308 0 0 -0 0.00050000000000000001
2.0479202132536285 2.6336779531381644 1.4894559156501255 0 0 -0 0.00050000000000000001
2.1741509393021459 2.5445899366929603 1.4174562983462629 0 0 -0 0.00050000000000000001
2.4411630973898637 1.9032831346605197 1.3178585268463805 0 -0 -0 0.00050000000000000001
1.8955651626255798 1.5973027101869459 1.2986018291289252 -0 -0 -0 0.00050000000000000001
2.3927335019802651 2.5548816383715005 1.5478071128679947 0 0 -0 0.00050000000000000001
2.2066451265309568 1.3286519994848995 2.4175810033109801 0 -0 0 0.00050000000000000001
1.4987429239208652 2.0231650215245303 1.3557675642347289 -0 0 -0 0.00050000000000000001
2.2938177669724773 2.6718035380033518 1.6393922527526583 0 0 -0 0.00050000000000000001
1.5391842358186654 2.5751840883849932 1.6440066464794225 -0 0 -0 0.00050000000000000001
2.4642581714518226 2.4306922187072812 1.479481625732977 0 0 -0 0.00050000000000000001
2.4918673684772021 1.5608490083682578 2.4867283360958994 0 -0 0 0.00050000000000000001
1.5821749740440361 1.4150980938286226 1.6139084992288353 -0 -0 -0 0.00050000000000000001
1.4486013750108646 2.0905474419884689 2.603781085365696 -0 0 0 0.00050000000000000001
1.7788883767408878 2.6846212996900176 2.3938531097192364 -0 0 0 0.00050000000000000001
2.7493007104702532 2.2600352782058608 1.7922612422490969 0 0 -0 0.00050000000000000001
2.8119605508352037 1.9317730411804181 1.9003127616620339 0 -0 -0 0.00050000000000000001
2.0837638987164282 2.6271385104953824 2.5223800812333317 0 0 0 0.00050000000000000001
2.7809038906633488 1.7478192936103158 1.9475892736239939 0 -0 -0 0.00050000000000000001
1.5616287323869189 2.5189541794657111 2.4667404046877297 -0 0 0 0.00050000000000000001
2.4473683015558572 2.6243972560714877 1.7064595497646118 0 0 -0 0.00050000000000000001
1.815348047526703 2.4632773822155691 2.6573626832923325 -0 0 0 0.00050000000000000001
1.5496609474096474 1.3150173203641682 2.0520966684029505 -0 -0 0 0.00050000000000000001
2.0674224954682772 1.451730717408442 1.3874129223352862 0 -0 -0 0.00050000000000000001
1.2333177787636327 1.734798245386262 2.1428930633932919 -0 -0 0 0.00050000000000000001
2.0350794749991512 1.2941926968481059 2.428346884065522 0 -0 0 0.00050000000000000001
1.2936131758659997 1.6596064677377584 1.750595641420178 -0 -0 -0 0.00050000000000000001
1.9486715832372123 1.1771678733626056 1.976413057864792 -0 -0 -0 0.00050000000000000001
1.7551295840731604 2.7756180045638321 2.147327213803631 -0 0 0 0.00050000000000000001
1.3431822315848547 1.8860812179337954 1.512930237031775 -0 -0 -0 0.00050000000000000001
1.5649541533807019 1.756213791516001 1.3404060309682144 -0 -0 -0 0.00050000000000000001
2.066781004906121 1.7641878951090793 1.2061131543982881 0 -0 -0 0.00050000000000000001
2.5202736919955901 2.639594050014495 1.9450447584567567 0 0 -0 0.00050000000000000001
2.3462625616100339 1.5005764081845259 2.5667106466714764 0 -0 0 0.00050000000000000001
2.0000684511951903 2.726156327300528 2.3990983739015901 0 0 0 0.00050000000000000001
1.3723829756518302 2.0518316261750731 1.460012099515698 -0 0 -0 0.00050000000000000001
2.8259377161764068 2.0768964932057976 1.9895179612447846 0 0 -0 0.00050000000000000001
1.4056401534046383 2.5310438337157475 1.7620660428000003 -0 0 -0 0.00050000000000000001
1.8767091439008783 1.3522623469921573 1.4955668795251835 -0 -0 -0 0.00050000000000000001
2.3585270400550358 1.249080718390043 2.0168322931024254 0 -0 0 0.00050000000000000001
2.3130698428351537 2.4393424240954307 1.3622365903374769 0 0 -0 0.00050000000000000001
1.5352999616052598 2.678210536079602 1.8617704391090284 -0 0 -0 0.00050000000000000001
2.6975594667320979 1.6683675057992025 2.3135756625939665 0 -0 0 0.00050000000000000001
2.3111704044577683 2.0890716417403441 1.2270016832371797 0 0 -0 0.00050000000000000001
2.3025423227447166 2.7058708138446539 2.3192466393163533 0 0 0 0.00050000000000000001
1.6825280868266961 1.2419238913838959 2.1369145007579227 -0 -0 0 0.00050000000000000001
2.1827845130041661 1.1857537021290117 1.9750079026441105 0 -0 -0 0.00050000000000000001
1.8928670715893001 1.7016592255581084 2.7774620850356251 -0 -0 0 0.00050000000000000001
1.9990739141659823 2.82374752130653 1.8591206523423103 -0 0 -0 0.00050000000000000001
2.2393233243008228 1.2101577757488842 2.1387018821427244 0 -0 0 0.00050000000000000001
2.5071970738962759 1.7493503327041764 1.3784737194484715 0 -0 -0 0.00050000000000000001
1.6829109081332154 1.6261975519117904 1.3215444350407486 -0 -0 -0 0.00050000000000000001
1.7082705009404591 1.2325349561559262 1.8456937976181578 -0 -0 -0 0.00050000000000000001
2.1235856505904245 2.2040199166348096 2.8059837963134227 0 0 0 0.00050000000000000001
2.1730415265519905 1.4690619892740617 2.629537431806217 0 -0 0 0.00050000000000000001
2.5928557788243225 1.8971608716585231 1.4099073520726342 0 -0 -0 0.00050000000000000001
1.3019354882756309 2.4500480388049359 2.1331260971662216 -0 0 0 0.00050000000000000001
2.5448886988306798 1.3590605371006386 1.993880618459873 0 -0 -0 0.00050000000000000001
1.7855546851956767 1.1889420358675808 1.999434440421556 -0 -0 -0 0.00050000000000000001
1.3680357304767063 1.5154651693809151 1.7386971322441633 -0 -0 -0 0.00050000000000000001
2.149495139487493 1.9444941285728419 2.8295830559728907 0 -0 0 0.00050000000000000001
1.7374220500501696 1.3620479483390406 2.4854764429047376 -0 -0 0 0.00050000000000000001
1.4161144581934644 2.4687892978621995 1.6112590313848325 -0 0 -0 0.00050000000000000001
2.2714758037170402 2.7789461215306104 2.1623967030393629 0 0 0 0.00050000000000000001
1.3499328102522865 1.9850127265386326 2.5420044179502126 -0 -0 0 0.00050000000000000001
1.8228727975383412 1.2066603167734677 2.225120993454714 -0 -0 0 0.00050000000000000001
1.3603030250938166 1.644303047293489 2.4235165975076898 -0 -0 0 0.00050000000000000001
1.2328600094088258 2.1208564912874475 1.6686470771217967 -0 0 -0 0.00050000000000000001
1.529072771558375 1.9654238610928754 2.7061415261853652 -0 -0 0 0.00050000000000000001
1.2038448717801939 1.7734594751293669 1.8365317485560781 -0 -0 -0 0.00050000000000000001
2.8330673181125241 1.8592049029118898 2.0477067160998752 0 -0 0 0.00050000000000000001
2.3149829636450625 2.2872193229913806 2.7319952968390115 0 0 0 0.00050000000000000001
2.3696643720636339 1.3339345777584466 2.3739516990533991 0 -0 0 0.00050000000000000001
1.8424405504279253 2.5447727474373187 1.3662644912471196 -0 0 -0 0.00050000000000000001
1.419502467454854 1.5624794052118043 1.5683468981728235 -0 -0 -0 0.00050000000000000001
1.1900416823007134 1.9732985271719277 1.7527146765257233 -0 -0 -0 0.00050000000000000001
1.9453067012848766 2.098604042591822 1.1547253237739368 -0 0 -0 0.00050000000000000001
2.553316462494871 1.8627689350950938 2.6307904472557584 0 -0 0 0.00050000000000000001
2.5459231864609633 2.6215591331910204 2.1815059801565377 0 0 0 0.00050000000000000001
2.3331368980014418 2.7799680542534086 2.016232159983296 0 0 0 0.00050000000000000001
2.1665473688362291 1.1901883866319205 1.8003578284416766 0 -0 -0 0.00050000000000000001
2.5564415298339935 1.7034854031790059 2.5737207316939763 0 -0 0 0.00050000000000000001
1.6142063888628384 2.6655807273165619 2.3686589933616657 -0 0 0 0.00050000000000000001
1.2979641214486528 2.4850750183916364 1.9967959124389385 -0 0 -0 0.00050000000000000001
2.6990475273204417 1.8212678981132788 1.5405690150465006 0 -0 -0 0.00050000000000000001
2.0886775606601753 2.1794029499828942 1.1662390056761383 0 0 -0 0.00050000000000000001
1.6752453014208288 2.5155185174127834 2.6011193090474651 -0 0 0 0.00050000000000000001
1.8838766160788882 1.2459974916787377 2.385600158866072 -0 -0 0 0.00050000000000000001
2.572092229468586 1.636103791425962 1.4751088939926253 0 -0 -0 0.00050000000000000001
2.4211393979339428 2.3137400441348936 1.3207651783887937 0 0 -0 0.00050000000000000001
1.2258294824805955 2.311125375067161 2.1950794818365633 -0 0 0 0.00050000000000000001
1.3282675499306538 1.7095812239098596 1.5607265059123212 -0 -0 -0 0.00050000000000000001
2.3549542999869773 2.7475435836661468 1.78328949397432 0 0 -0 0.00050000000000000001
1.4673297676711607 2.6401974473688039 2.2069152828784508 -0 0 0 0.00050000000000000001
2.1667408897605371 1.2109653483456242 2.2928608537892043 0 -0 0 0.00050000000000000001
2.6448770168226119 1.4746151704867785 2.2129062601360552 0 -0 0 0.00050000000000000001
2.5431433676283035 2.0512815801700044 1.332636779924409 0 0 -0 0.00050000000000000001
2.1784469748670836 2.8374807166736229 2.0324316437881844 0 0 0 0.00050000000000000001
2.8168681150003971 2.2605170591267778 1.984234180471943 0 0 -0 0.00050000000000000001
1.7497509200895056 2.1602775904227216 2.8107888181355705 -0 0 0 0.00050000000000000001
2.5406568340938698 1.48105453960294 1.5738324803173529 0 -0 -0 0.00050000000000000001
2.6686136270817715 1.623241283051198 1.6058741463572086 0 -0 -0 0.00050000000000000001
1.2495936177065561 1.7256046908539486 2.3216328473947248 -0 -0 0 0.00050000000000000001
1.3956248331346255 2.6091399016520378 1.9145810554212299 -0 0 -0 0.00050000000000000001
2.3252112029639838 2.1254724624244066 2.7894557897605212 0 0 0 0.00050000000000000001
2.4320397565018501 1.881451091534736 2.7384336415529336 0 -0 0 0.00050000000000000001
2.1470504938730381 2.7923409692510544 2.3024524054270268 0 0 0 0.00050000000000000001
1.5018343892174373 2.3093918317799176 1.364683049832444 -0 0 -0 0.00050000000000000001
1.9205688544050974 1.9319024037626664 1.1397121852325913 -0 -0 -0 0.00050000000000000001
2.1988035523552902 2.687222704251985 1.5129848236445931 0 0 -0 0.00050000000000000001
2.2897245371603008 2.4635900926967391 2.6687045686017909 0 0 0 0.00050000000000000001
2.7756934513207203 1.6552436640401291 2.1676016697675 0 -0 0 0.00050000000000000001
2.4956522495894604 1.3123708533742999 2.1786047116549692 0 -0 0 0.00050000000000000001
2.6347515491450419 1.5657756425258806 2.3994760557733836 0 -0 0 0.00050000000000000001
2.4925766225721366 2.0377663297676327 2.7120162724135755 0 0 0 0.00050000000000000001
1.2396861397998915 2.2067912564608392 2.3658062371921793 -0 0 0 0.00050000000000000001
2.046853822595283 1.3049449454103075 1.48413184987779 0 -0 -0 0.00050000000000000001
1.8089741717283037 1.9850772833273216 2.8505744969719733 -0 -0 0 0.00050000000000000001
2.0956823044626733 1.217943619600691 1.6372600641711799 0 -0 -0 0.00050000000000000001
1.9081703164764652 1.4328647048536813 1.3489704052223062 -0 -0 -0 0.00050000000000000001
2.1098453965140416 2.0224392196182412 1.1342076426717422 0 0 -0 0.00050000000000000001
1.2701093733001374 2.2736956624102547 1.6150115272891903 -0 0 -0 0.00050000000000000001
2.0175869084215465 2.8382008299101305 2.2263299894526614 0 0 0 0.00050000000000000001
1.3766572833320725 2.5314287041320043 2.2989296471225713 -0 0 0 0.00050000000000000001
2.454606156037106 2.3424803048071574 2.6572941325955988 0 0 0 0.00050000000000000001
1.9007296690435516 2.1253982643211886 2.8600285040421909 -0 0 0 0.00050000000000000001
1.8996152816885614 2.6910657980217216 2.5216645157461932 -0 0 0 0.00050000000000000001
2.7904393845242841 2.0527308831325408 2.360582425441105 0 0 0 0.00050000000000000001
2.8453684541846349 2.1529229829055452 2.1410327093441053 0 0 0 0.00050000000000000001
1.3261060999657555 2.3588261591691588 2.4280102513865494 -0 0 0 0.00050000000000000001
1.6884885002131877 1.7722186221316341 1.215908394405061 -0 -0 -0 0.00050000000000000001
1.481250073690878 1.3460157965342807 1.7537501984475907 -0 -0 -0 0.00050000000000000001
2.3752646273282907 2.6459002179348983 2.4489215833520439 0 0 0 0.00050000000000000001
1.2057196449359651 2.2733129234331377 1.7567334724215504 -0 0 -0 0.00050000000000000001
1.2652738876449672 1.5793906126857218 2.217312567465898 -0 -0 0 0.00050000000000000001
1.4538731935584215 1.4072438601381145 2.3410679107812213 -0 -0 0 0.00050000000000000001
2.7971058350541775 2.241626203907233 2.2629086005661696 0 0 0 0.00050000000000000001
1.7295223906413342 1.729830305556334 2.7931700726213786 -0 -0 0 0.00050000000000000001
2.6412245291235221 2.3427397331074591 2.4854610784038966 0 0 0 0.00050000000000000001
2.708880509304203 2.4673079052756819 1.7837828210190751 0 0 -0 0.00050000000000000001
1.7213944126285394 1.4872146863844349 2.6592837463897019 -0 -0 0 0.00050000000000000001
1.4191282303834982 1.3461062316279222 1.9717330648024483 -0 -0 -0 0.00050000000000000001
2.6814207221563358 2.5130770247316896 2.1961099214709523 0 0 0 0.00050000000000000001
1.5473775282018467 1.261101107735344 1.8731108385850839 -0 -0 -0 0.00050000000000000001
2.1732486266523141 1.7775852327582384 2.8363525779873893 0 -0 0 0.00050000000000000001
1.6449755532997761 1.2689894664320485 1.6709779314852509 -0 -0 -0 0.00050000000000000001
1.9642569521420974 2.8762235002961258 2.0619558211861539 -0 0 0 0.00050000000000000001
1.7277855492554561 1.4707619124736331 1.3525344500995686 -0 -0 -0 0.00050000000000000001
2.7715478454129556 1.5738271804747255 2.0242998086249462 0 -0 0 0.00050000000000000001
2.400969668944382 2.5306539610443046 2.5753133004388666 0 0 0 0.00050000000000000001
2.0187159862343336 2.3536248483300781 1.1881088894491763 0 0 -0 0.00050000000000000001
2.8339022807077758 1.8288327090783385 1.7638486690833375 0 -0 -0 0.00050000000000000001
2.6203147818163903 2.4236653162209931 1.5340642585166862 0 0 -0 0.00050000000000000001
2.6886198275960771 1.7189865832545042 2.4767665755292434 0 -0 0 0.00050000000000000001
2.320521217766228 1.1933583444139075 1.8339571218394783 0 -0 -0 0.00050000000000000001
2.078723366329688 2.4141105776245877 2.7783621562137428 0 0 0 0.00050000000000000001
1.6106347108652019 2.6061429785080188 1.4839760318040638 -0 0 -0 0.00050000000000000001
1.7348960570490757 2.3852138290817546 1.2454805024023545 -0 0 -0 0.00050000000000000001
2.7169514371944095 2.1796746368320781 2.4836844443529107 0 0 0 0.00050000000000000001
2.6688406685301893 1.4314702108352586 1.8734559902553116 0 -0 -0 0.00050000000000000001
1.5225383195478992 1.4778221594685022 1.4709205937506062 -0 -0 -0 0.00050000000000000001
1.6479603086898902 2.017691171111001 2.8182508378168869 -0 0 0 0.00050000000000000001
2.0424386905455232 1.3388466006219981 2.5930622268796406 0 -0 0 0.00050000000000000001
2.6018312327287112 2.6107881033829337 1.7764913850986801 0 0 -0 0.00050000000000000001
1.6890285107672693 2.3639266760355486 2.7514969603520285 -0 0 0 0.00050000000000000001
1.5758359433320692 2.1614683797647087 2.7682565660364093 -0 0 0 0.00050000000000000001
1.9035400718994679 1.1270040905361092 2.1278940859667292 -0 -0 0 0.00050000000000000001
2.5550079983211127 1.3624697280186917 1.7200389449214655 0 -0 -0 0.00050000000000000001
1.3921706286336302 1.7746092955630626 1.3933012452543834 -0 -0 -0 0.00050000000000000001
1.6236140738187574 1.9240397995072145 1.1960309609408677 -0 -0 -0 0.00050000000000000001
1.4467170795994146 1.6209939342840194 2.5891823930508746 -0 -0 0 0.00050000000000000001
1.1130389200866222 1.9623068888051174 2.0651343722295907 -0 -0 0 0.00050000000000000001
2.5198759894061951 2.6255803132022217 2.3558810453558752 0 0 0 0.00050000000000000001
1.7545384612791168 2.66718271820339 1.458710970296619 -0 0 -0 0.00050000000000000001
1.1989472868562703 1.612897634811453 2.0042560058285503 -0 -0 0 0.00050000000000000001
2.3048019476771482 2.2440754804311833 1.1927833005265263 0 0 -0 0.00050000000000000001
1.5369689381623484 2.1748284319625966 1.2551899305635308 -0 0 -0 0.00050000000000000001
2.1471220381441904 2.4500674374748055 1.2382605207910069 0 0 -0 0.00050000000000000001
2.5534381698217903 2.5718316380026933 1.5925892630419816 0 0 -0 0.00050000000000000001
2.6471424781578654 2.0073638663920272 2.616034711757151 0 0 0 0.00050000000000000001
1.5182001826267906 2.751756784526318 2.0644782479969201 -0 0 0 0.00050000000000000001
1.4013579040480229 1.8802341413316175 2.6590100996329973 -0 -0 0 0.00050000000000000001
2.6175945180247169 2.170663175090231 2.623532113789834 0 0 0 0.00050000000000000001
2.0280693025041359 1.4535091211163582 2.7130058737521257 0 -0 0 0.00050000000000000001
1.3435058047280237 1.4294305309042032 2.2095776134308425 -0 -0 0 0.00050000000000000001
1.6626037185834048 1.3620546338956956 1.4720594117815584 -0 -0 -0 0.00050000000000000001
2.357922222138396 1.2188152423673837 2.2599560038041444 0 -0 0 0.00050000000000000001
1.2640738663810356 1.50380059784308 1.8910793440233311 -0 -0 -0 0.00050000000000000001
2.8511348913494698 1.8035514168374129 2.2054218239816636 0 -0 0 0.00050000000000000001
2.0633510706275566 2.0746014903398904 2.8960475890246089 0 0 0 0.00050000000000000001
1.3138982416097598 2.2063204354787729 1.4574952612582366 -0 0 -0 0.00050000000000000001
2.1461169051895532 2.8769279519252073 1.8745326302540852 0 0 -0 0.00050000000000000001
1.1347971880811574 2.2331903785207521 1.9231915041526155 -0 0 -0 0.00050000000000000001
2.2168637311326989 1.7996595523711401 1.145983539207919 0 -0 -0 0.00050000000000000001
1.4459550339857321 2.4474964007105524 1.4472400576354731 -0 0 -0 0.00050000000000000001
1.5795950178376326 2.7620612460247997 2.234487154253527 -0 0 0 0.00050000000000000001
1.2643612635994081 2.4312954661965813 1.7074474189982665 -0 0 -0 0.00050000000000000001
2.2829210401983753 1.2304213560905777 1.6246189455565259 0 -0 -0 0.00050000000000000001
1.7665604337119936 2.7971477821079729 1.6461482655706638 -0 0 -0 0.00050000000000000001
1.2305408943003164 1.8901717141043188 2.4618576878942995 -0 -0 0 0.00050000000000000001
2.2268040619582505 2.8311344522437114 1.7324907843782069 0 0 -0 0.00050000000000000001
2.1075261665680598 2.8041828222042491 1.602024587348827 0 0 -0 0.00050000000000000001
2.187396266745163 1.4945630062024229 1.272517004825765 0 -0 -0 0.00050000000000000001
2.8581201615298757 2.0030680231543641 1.7132176442222877 0 0 -0 0.00050000000000000001
2.1655151544836988 1.6385312559631848 1.1846554576532442 0 -0 -0 0.00050000000000000001
1.567453640932837 1.2811935361078997 2.3374529144822063 -0 -0 0 0.00050000000000000001
1.1652917896227448 2.0567483115031182 2.3491297950207399 -0 0 0 0.00050000000000000001
1.4724351099209105 1.8756890117212517 1.2750197411004414 -0 -0 -0 0.00050000000000000001
1.562817972043629 1.3825412191959423 2.5002884610124365 -0 -0 0 0.00050000000000000001
1.3220238937350426 1.7678745667274063 2.5587131293789658 -0 -0 0 0.00050000000000000001
2.6474286075042652 2.6272705509064664 2.0625041720278467 0 0 0 0.00050000000000000001
2.4856103592848369 1.397354527785265 2.47586817443276 0 -0 0 0.00050000000000000001
2.3966453113978163 1.6711633429361878 2.7497577603578596 0 -0 0 0.00050000000000000001
2.4418365791441481 2.7519316833190932 2.2403252151013247 0 0 0 0.00050000000000000001
1.9670410796579019 2.5324393788789452 2.7365235251089435 -0 0 0 0.00050000000000000001
1.8878928271361151 1.8263313575855511 2.8893948046036884 -0 -0 0 0.00050000000000000001
2.5826284912142192 2.2258237625349948 1.335094988304474 0 0 -0 0.00050000000000000001
1.6764266501274769 2.5368916764792999 1.3377307881101332 -0 0 -0 0.00050000000000000001
1.4293659210879055 1.4871287988947191 2.4912586522005631 -0 -0 0 0.00050000000000000001
2.7093104923907436 2.5610312273202016 1.9182470377434906 0 0 -0 0.00050000000000000001
2.3251340546747556 2.619747784845424 1.4140951456434063 0 0 -0 0.00050000000000000001
2.834886225131577 1.6858978766645571 1.8086610258051645 0 -0 -0 0.00050000000000000001
2.7782607848062906 1.5439633282935024 1.8606958053834677 0 -0 -0 0.00050000000000000001
2.3163153934310117 1.3236512497658985 1.4744299737126914 0 -0 -0 0.00050000000000000001
2.4543076473913636 1.5795068420359841 1.3256788261901518 0 -0 -0 0.00050000000000000001
2.4783898440065824 2.2050983798028065 2.7493634301679446 0 0 0 0.00050000000000000001
1.8627854069345959 2.3174217760115314 1.1510616610972704 -0 0 -0 0.00050000000000000001
1.7186388896024078 2.6685347456524657 2.5573270707049369 -0 0 0 0.00050000000000000001
2.3179189707209971 1.329811459033075 2.5369523844261996 0 -0 0 0.00050000000000000001
1.8830543204608043 1.279445006564941 2.5533530271462146 -0 -0 0 0.00050000000000000001
2.4539804301066472 1.322922480916884 1.5820838206670438 0 -0 -0 0.00050000000000000001
1.1677676691174859 2.3803685305327864 2.0383757696521956 -0 0 0 0.00050000000000000001
2.7990084310046295 1.7279726936630664 1.6404286468703797 0 -0 -0 0.00050000000000000001
1.8649027796741857 2.4066423763919098 2.8123045109710447 -0 0 0 0.00050000000000000001
1.6240430828163608 2.7280820337045606 1.5869624817200618 -0 0 -0 0.00050000000000000001
2.7030499686332412 1.412031013524331 2.0440608965523444 0 -0 0 0.00050000000000000001
1.8599249597404972 1.1065271873902542 1.8617496508158777 -0 -0 -0 0.00050000000000000001
1.3963112040161274 2.5062493840854323 2.4747098701561079 -0 0 0 0.00050000000000000001
2.038342542991308 1.6850209885613925 2.8654380775451171 0 -0 0 0.00050000000000000001
1.1480549098177475 1.8892979344959222 2.3263368429678088 -0 -0 0 0.00050000000000000001
1.4022964958543915 2.3612684297055249 2.601600523133099 -0 0 0 0.00050000000000000001
2.0529631076231913 1.1088528578426446 2.2173863669989098 0 -0 0 0.00050000000000000001
1.7970787036004656 2.1577330413804958 1.1139529457119117 -0 0 -0 0.00050000000000000001
2.8456731082233815 2.1761721312849982 1.6824888910712075 0 0 -0 0.00050000000000000001
1.2208397561370736 2.0332442396103572 1.5136868180029166 -0 0 -0 0.00050000000000000001
1.7911212038927953 1.648049971324461 1.1745249018902977 -0 -0 -0 0.00050000000000000001
1.7240706240345174 2.8243654210097224 2.3044564322581156 -0 0 0 0.00050000000000000001
2.4858615776136483 1.5631061724444606 2.6520938783679369 0 -0 0 0.00050000000000000001
1.9369524007151084 2.8394067042912443 1.6225620386700754 -0 0 -0 0.00050000000000000001
1.0995660415768642 2.0675471459174974 2.189293311934807 -0 0 0 0.00050000000000000001
1.9346683658725248 1.1961270473486239 1.5553106194811339 -0 -0 -0 0.00050000000000000001
2.5128603962115061 2.7600981465239034 2.0726429305364649 0 0 0 0.00050000000000000001
1.522793596014834 2.4686137338658529 2.6407194066827748 -0 0 0 0.00050000000000000001
1.6209246930362025 1.1607900488995562 1.9844001367395421 -0 -0 -0 0.00050000000000000001
1.9650659005285469 2.6537549066445623 1.3441298877817716 -0 0 -0 0.00050000000000000001
2.4640010140104991 2.1723954023984926 1.214177299595987 0 0 -0 0.00050000000000000001
1.0866809124875925 1.9263542473900748 1.8862820218292919 -0 -0 -0 0.00050000000000000001
1.9731751923177336 1.6290271768496805 1.1507476710187587 -0 -0 -0 0.00050000000000000001
1.1076607445242455 2.1211226317437615 1.7896081580204397 -0 0 -0 0.00050000000000000001
2.4404429427364516 1.999388309386122 1.1803415919583786 0 -0 -0 0.00050000000000000001
1.7975923091819901 2.9024358662125103 2.0466204910500543 -0 0 0 0.00050000000000000001
1.8936519345828415 2.7610338130973471 1.4788194914377129 -0 0 -0 0.00050000000000000001
1.5922175141516739 2.7941447150787502 1.7463531256220191 -0 0 -0 0.00050000000000000001
2.8163276223582034 1.7565322960759735 2.3662739313249208 0 -0 0 0.00050000000000000001
1.551088657943714 1.4941623789784511 2.6390006518631495 -0 -0 0 0.00050000000000000001
1.6408410412261198 2.088219316908428 1.1463081141947611 -0 0 -0 0.00050000000000000001
1.4380605388796193 1.2899768543884593 2.198332310074965 -0 -0 0 0.00050000000000000001
2.312030295508678 1.5189328443520131 2.7343924380049409 0 -0 0 0.00050000000000000001
2.8133286776321742 2.0195292499367428 1.5463975306338871 0 0 -0 0.00050000000000000001
1.7633743947840894 1.9743996794191421 1.098596199116634 -0 -0 -0 0.00050000000000000001
1.1002809832573748 2.2197741269928475 2.091726377751959 -0 0 0 0.00050000000000000001
2.9010133937241851 2.1842187832949649 1.8626457555317106 0 0 -0 0.00050000000000000001
1.4538631760426448 2.6522325571792433 2.3823470194707022 -0 0 0 0.00050000000000000001
1.6663745554504268 2.2543174121549678 1.1655181294097257 -0 0 -0 0.00050000000000000001
1.1812800519621918 1.7329921109902249 1.6515927334575466 -0 -0 -0 0.00050000000000000001
1.5236635876979114 2.3219465452097552 2.7384047995021117 -0 0 0 0.00050000000000000001
1.9647212463312091 1.1140433948297725 1.7167875072367282 -0 -0 -0 0.00050000000000000001
2.6471828225239245 2.5130593516282382 2.4266542790542776 0 0 0 0.00050000000000000001
1.2523586256174188 2.5358035153883525 1.8376281466236577 -0 0 -0 0.00050000000000000001
1.8394570267073815 2.6295445229482448 2.6721561096755333 -0 0 0 0.00050000000000000001
2.1439932901026255 1.5448941236100882 2.8068051124589246 0 -0 0 0.00050000000000000001
2.7780081420644747 1.8707745517533401 2.5000477769711908 0 -0 0 0.00050000000000000001
2.2769081726025533 1.9649068392721403 1.1030739826952494 0 -0 -0 0.00050000000000000001
2.0596491415622875 1.8594026213212138 1.0736976066206272 0 -0 -0 0.00050000000000000001
1.4429001119847948 2.6932379676871365 1.7062179882807764 -0 0 -0 0.00050000000000000001
1.7754375730569874 1.140600302110276 1.7136754742045968 -0 -0 -0 0.00050000000000000001
2.9144952344149972 2.0079431462678103 2.1941173366037079 0 0 0 0.00050000000000000001
1.3998196269198049 1.3990247060526473 1.6136801095193807 -0 -0 -0 0.00050000000000000001
2.694767207459789 2.3045499572084416 1.4462586632287153 0 0 -0 0.00050000000000000001
2.4735947668796525 2.8001814046107238 1.9000261698480272 0 0 -0 0.00050000000000000001
2.0177590891094965 1.4752857764600051 1.2215411239559424 0 -0 -0 0.00050000000000000001
2.1422401375322586 2.7889913630121188 2.4839217909874818 0 0 0 0.00050000000000000001
1.5154172580966816 1.5897876110493439 1.3110251749296671 -0 -0 -0 0.00050000000000000001
2.8010831196061936 2.3541949498102168 1.6614120695419126 0 0 -0 0.00050000000000000001
2.6324818958311083 1.4070452281554098 2.3641023385136317 0 -0 0 0.00050000000000000001
1.7621242190369175 1.5662110053865084 2.8035350443276217 -0 -0 0 0.00050000000000000001
1.1573471221242189 1.9072900913356006 1.5983113442287606 -0 -0 -0 0.00050000000000000001
2.4744332525323296 1.4209860236208576 1.4269993318958587 0 -0 -0 0.00050000000000000001
1.2292967574115123 2.4512983107536006 2.3015612060581092 -0 0 0 0.00050000000000000001
2.0579613578240341 1.0711634734743085 1.8681796285190815 0 -0 -0 0.00050000000000000001
2.1816138309427391 1.3273679005498589 1.3653388160343769 0 -0 -0 0.00050000000000000001
1.8633590908318824 1.4081562571286552 2.7239863199412269 -0 -0 0 0.00050000000000000001
2.8238103865527155 2.4521276631996041 2.0073905244371546 0 0 0 0.00050000000000000001
1.7322775893452644 2.8967669119237316 1.8855641661244205 -0 0 -0 0.00050000000000000001
2.2149940122908771 2.6640064950211149 2.6321952830709217 0 0 0 0.00050000000000000001
2.6816577893160138 1.7430272646257181 1.3953560858877361 0 -0 -0 0.00050000000000000001
2.0175748682073782 2.6781432744835678 2.6559955099492898 0 0 0 0.00050000000000000001
1.3592436871564018 2.209035439351489 2.6664139717261981 -0 0 0 0.00050000000000000001
2.337937540032696 1.4327341639488336 1.3215215535382501 0 -0 -0 0.00050000000000000001
2.5609937633453104 2.4675894838487866 2.5956190126705776 0 0 0 0.00050000000000000001
2.6900685686435883 1.4522447914292487 1.6522489875932784 0 -0 -0 0.00050000000000000001
1.2446840345496004 2.2212179911544245 2.5294022944910912 -0 0 0 0.00050000000000000001
1.8159940746937036 1.8055976476475308 1.0905057517369245 -0 -0 -0 0.00050000000000000001
1.9430207475037982 1.5411779635228693 2.8302240099043399 -0 -0 0 0.00050000000000000001
1.7486083587494752 1.2177436940728921 1.534695244187628 -0 -0 -0 0.00050000000000000001
1.9829403521596427 2.2538288281897962 2.9154177926821969 -0 0 0 0.00050000000000000001
1.8545501913864579 2.9104095231701432 2.2152467445723563 -0 0 0 0.00050000000000000001
1.4402253890380203 1.726974397581249 2.7192532610569584 -0 -0 0 0.00050000000000000001
2.3125029387110931 2.8855109119849307 1.8820526057800631 0 0 -0 0.00050000000000000001
2.0478555307599056 1.8600657084537808 2.9410687054732954 0 -0 0 0.00050000000000000001
1.293066102244643 1.4891487005655359 2.3736914938000355 -0 -0 0 0.00050000000000000001
1.5507547245157549 1.8408832273165254 2.8262072012668686 -0 -0 0 0.00050000000000000001
2.0445424212157124 1.1374974191198968 2.3967051651719 0 -0 0 0.00050000000000000001
2.791484707789158 2.1774274505566016 1.5016432004309328 0 0 -0 0.00050000000000000001
1.2808437983462932 2.6003517800487801 2.168318621303456 -0 0 0 0.00050000000000000001
1.8516980830038678 2.8328341370379335 2.4333643833956753 -0 0 0 0.00050000000000000001
2.8568942028671511 2.3784789854269435 1.8431065954347698 0 0 -0 0.00050000000000000001
2.3332928500237591 1.6079701186438531 1.1956336190850465 0 -0 -0 0.00050000000000000001
2.1568946594789495 2.9197206813913072 2.1770620330441934 0 0 0 0.00050000000000000001
2.3194603689875701 2.4093018679175526 1.1969568374295971 0 0 -0 0.00050000000000000001
2.4074815823186309 2.0004220749191979 2.8627298018134297 0 0 0 0.00050000000000000001
1.3776459104165724 2.1865424850593342 1.3019494212801579 -0 0 -0 0.00050000000000000001
2.9520543995553656 1.9755815278909798 2.0209160331818143 0 -0 0 0.00050000000000000001
2.0423139825306817 1.0491893243087476 2.0430017537210619 0 -0 0 0.00050000000000000001
2.329344532723721 1.8435181156971272 2.8844300617951837 0 -0 0 0.00050000000000000001
2.0541202945906187 2.9138815650698389 1.7308852134844295 0 0 -0 0.00050000000000000001
1.5690455810535271 2.3928384207161599 1.2411129263841691 -0 0 -0 0.00050000000000000001
1.3651882758422984 1.604615096398643 1.4100169113407957 -0 -0 -0 0.00050000000000000001
2.479694342581618 2.4702302006369399 1.3162953479665302 0 0 -0 0.00050000000000000001
2.4375540144490131 2.7196668805179227 1.5468964125865172 0 0 -0 0.00050000000000000001
1.2429275287234265 1.5632764530888696 1.620554989955961 -0 -0 -0 0.00050000000000000001
2.9033436157394847 1.6899109276195943 2.0581247676602943 0 -0 0 0.00050000000000000001
2.838760321433071 2.4197360567442576 2.173666390988005 0 0 0 0.00050000000000000001
1.0478677493195052 2.0917868961455626 1.977154323594059 -0 0 -0 0.00050000000000000001
2.5309520487089388 1.2042741597548514 2.0593153020647259 0 -0 0 0.00050000000000000001
2.7126994985934463 2.0830996215251361 1.360246132489886 0 0 -0 0.00050000000000000001
2.2407102032987791 2.0464547063968901 2.9291089859256836 0 0 0 0.00050000000000000001
2.389971833398409 1.7999300379722809 1.1424350338161526 0 -0 -0 0.00050000000000000001
1.5816031448827874 1.653797067128101 2.7954678856072945 -0 -0 0 0.00050000000000000001
2.2551170797460207 2.4193117156651325 2.8247390504546055 0 0 0 0.00050000000000000001
1.6662563375798263 1.1455759639430019 2.2793898285443408 -0 -0 0 0.00050000000000000001
1.2795391374451115 2.419396677652855 1.5221731801924512 -0 0 -0 0.00050000000000000001
2.2274986080684589 2.1381934558258697 1.0720630139818912 0 0 -0 0.00050000000000000001
2.157704928681321 1.2195672389275942 2.5411167379848822 0 -0 0 0.00050000000000000001
1.218672095773828 1.4515205636550117 2.0905551158117368 -0 -0 0 0.00050000000000000001
1.6323376367446789 2.881513360922745 2.1140717926085122 -0 0 0 0.00050000000000000001
1.1386462326458711 2.4029206276746518 1.8520879487000759 -0 0 -0 0.00050000000000000001
2.1412880954125963 2.6821271034614078 1.3322543490753587 0 0 -0 0.00050000000000000001
2.950789851456832 2.0184130046832518 1.8506809706626621 0 0 -0 0.00050000000000000001
2.8960313616555191 1.9120968166735353 2.3387558843766718 0 -0 0 0.00050000000000000001
2.5307993496792198 1.2713588046969089 2.3430731067293618 0 -0 0 0.00050000000000000001
1.8960705324563143 2.9451798468006922 1.8445366529615406 -0 0 -0 0.00050000000000000001
2.761373396418505 1.9160797909336675 1.409333329594296 0 -0 -0 0.00050000000000000001
2.7769918312546036 2.4616174149170291 2.3267861589260241 0 0 0 0.00050000000000000001
2.716463926068426 2.5315815210540107 1.6329061185976845 0 0 -0 0.00050000000000000001
2.6170389480908196 1.2714816409106158 1.8507649196084288 0 -0 -0 0.00050000000000000001
1.9785597218057895 2.5341171740735273 1.1915545048744964 -0 0 -0 0.00050000000000000001
2.9424255628043956 1.8036555202048954 1.9167188396853418 0 -0 -0 0.00050000000000000001
1.084045322763469 1.7057767442236078 1.9398415820558605 -0 -0 -0 0.00050000000000000001
2.5559543864517051 1.7462595516288582 2.7506808082696099 0 -0 0 0.00050000000000000001
2.2664793270849142 2.2452871570139328 2.8980293318354704 0 0 0 0.00050000000000000001
2.2842670436112575 1.1714705244544692 2.4132347774798633 0 -0 0 0.00050000000000000001
1.7089949921199361 1.8643641857635678 2.9180090604830884 -0 -0 0 0.00050000000000000001
1.3266957231733967 2.0152933858437003 1.3051504543132482 -0 0 -0 0.00050000000000000001
1.1439273159496364 1.6058694371631144 1.791724355639682 -0 -0 -0 0.00050000000000000001
1.9288444846129824 1.9856621251060094 2.9703730675336275 -0 -0 0 0.00050000000000000001
2.144980749886181 2.5742315454191527 2.7670168623966163 0 0 0 0.00050000000000000001
1.821506349320138 1.4798721766132852 1.2015458986565861 -0 -0 -0 0.00050000000000000001
1.0833661654271318 1.7782868560763365 2.224266342129491 -0 -0 0 0.00050000000000000001
2.2780975871065716 1.6555778053116217 2.8668112942390844 0 -0 0 0.00050000000000000001
2.1733737552268368 2.3275479115548192 1.0981007932844149 0 0 -0 0.00050000000000000001
1.5446611891389663 2.6669386201393102 2.5423108798382033 -0 0 0 0.00050000000000000001
1.4715422307793986 2.0262871190117195 1.1846668997489003 -0 0 -0 0.00050000000000000001
2.8045235551899599 2.0380233861259858 2.5408037178822891 0 0 0 0.00050000000000000001
2.261794958020253 2.5741036858892219 1.2564478948688396 0 0 -0 0.00050000000000000001
2.8107132323927746 2.3149561547654463 2.4279663529644386 0 0 0 0.00050000000000000001
1.090991506461549 2.2264525633065242 2.2663713200020625 -0 0 0 0.00050000000000000001
1.2157623306323044 1.8039477559646182 1.4625622582780573 -0 -0 -0 0.00050000000000000001
2.6578292184159364 1.5606597712051364 2.5688648371227698 0 -0 0 0.00050000000000000001
1.801031554777774 2.2821082804474258 2.9143826799304868 -0 0 0 0.00050000000000000001
2.1954348601002391 1.0532139548999342 2.116999270492224 0 -0 0 0.00050000000000000001
2.4860733028191722 1.1613286257594293 1.8954758702042942 0 -0 -0 0.00050000000000000001
2.5945223507240502 1.9043670199025851 1.2281471132673851 0 -0 -0 0.00050000000000000001
1.5685126817322415 2.8728514018751525 1.9388972329360095 -0 0 -0 0.00050000000000000001
2.5356689916285884 2.6232063249150999 2.5194900907640383 0 0 0 0.00050000000000000001
2.6320647952183593 2.3302015546954014 2.663083952508968 0 0 0 0.00050000000000000001
2.513794463494321 1.7063881178651403 1.2187433191535879 0 -0 -0 0.00050000000000000001
1.7380353530571775 1.0689845803873479 2.1202902087847177 -0 -0 0 0.00050000000000000001
1.7838054190163084 1.2998986649495536 1.3564203650202482 -0 -0 -0 0.00050000000000000001
2.3363143334695406 1.0828568710001394 1.9750224740014826 0 -0 -0 0.00050000000000000001
2.8179158098396808 1.5621733983366455 1.6862322277978525 0 -0 -0 0.00050000000000000001
2.2910933672416545 2.8289072197796448 1.5698874430783627 0 0 -0 0.00050000000000000001
1.898847391943685 1.0779646431930283 2.3097572721786812 -0 -0 0 0.00050000000000000001
1.5304731987803777 1.1550870384004983 2.1371193840804148 -0 -0 0 0.00050000000000000001
1.0725147521191722 1.8402673551871453 1.7395299336052719 -0 -0 -0 0.00050000000000000001
2.8829685025720577 1.8680419516823654 1.5930382840807711 0 -0 -0 0.00050000000000000001
2.0600449578406455 2.8007677645894193 1.436017500032797 0 0 -0 0.00050000000000000001
1.988339892665786 2.2354251494999349 1.0443986515339287 -0 0 -0 0.00050000000000000001
1.3528573570937228 2.7322841918320235 2.0894874880942496 -0 0 0 0.00050000000000000001
1.3426236944697763 2.0380574386636057 2.7320078412579019 -0 0 0 0.00050000000000000001
2.5153936287096714 2.7838508671344147 1.7172908938113378 0 0 -0 0.00050000000000000001
2.0162587477516922 2.8991857567251746 2.3888547517217931 0 0 0 0.00050000000000000001
1.7980516122637094 2.5429610539034737 1.203556764152641 -0 0 -0 0.00050000000000000001
2.1768315105163976 1.1808268974143379 1.4882703055688775 0 -0 -0 0.00050000000000000001
2.4022144826679717 1.1140014054868175 2.1382959318279458 0 -0 0 0.00050000000000000001
2.5185059761728805 2.605396478020265 1.4225094252001502 0 0 -0 0.00050000000000000001
1.99146272953586 1.2875394433307386 1.3231244467417014 -0 -0 -0 0.00050000000000000001
1.2835773707808182 1.372284760717732 1.7718329068541134 -0 -0 -0 0.00050000000000000001
2.3155170684376589 2.8040352512994602 2.4648857388145844 0 0 0 0.00050000000000000001
2.6689963971288568 1.2954668748368561 2.1617952179618776 0 -0 0 0.00050000000000000001
2.8178855028553862 1.4818225992154912 2.1810438406585071 0 -0 0 0.00050000000000000001
2.0684125823614949 2.9807908969826142 1.9940453374136724 0 0 -0 0.00050000000000000001
1.409521939674333 2.7855714459916481 1.9206790415799004 -0 0 -0 0.00050000000000000001
2.3924631054475252 2.8910973294817039 2.1294252377811302 0 0 0 0.00050000000000000001
1.6370427133776424 1.2281169989837721 2.4955195424854186 -0 -0 0 0.00050000000000000001
2.3028081210345048 2.8871478668295469 2.2961287825845758 0 0 0 0.00050000000000000001
1.3328709788032396 2.3509942601101095 1.3623909625740627 -0 0 -0 0.00050000000000000001
1.5343404959850857 1.7092336990991042 1.1806290470474923 -0 -0 -0 0.00050000000000000001
1.3623371275540754 2.6116976684710793 1.5574145409658122 -0 0 -0 0.00050000000000000001
1.1019726322682546 1.6182165494885847 2.1400047224953407 -0 -0 0 0.00050000000000000001
1.1745724946961209 1.721655954596452 2.4683650744432422 -0 -0 0 0.00050000000000000001
2.9421380740693159 2.2743472072880699 2.0938027569070838 0 0 0 0.00050000000000000001
1.4831528885091019 2.027173020514454 2.8475584803139768 -0 0 0 0.00050000000000000001
1.5727589522116172 1.4259646798997068 1.3207373341288038 -0 -0 -0 0.00050000000000000001
2.6826229926922291 2.6426359906875994 2.3029674031964515 0 0 0 0.00050000000000000001
2.4401888247639878 1.3940345993528578 2.6497497346868633 0 -0 0 0.00050000000000000001
2.8052700706215652 1.5584224464281897 2.3702692624596402 0 -0 0 0.00050000000000000001
1.2415179051097667 2.6379838299616032 1.9898743926964451 -0 0 -0 0.00050000000000000001
2.6569428252346921 1.5008691497891795 1.4470168351568222 0 -0 -0 0.00050000000000000001
1.2310699693888525 1.9350877009799343 2.6263898513022648 -0 -0 0 0.00050000000000000001
2.2633091103905785 1.3519886563742236 2.7059108523312063 0 -0 0 0.00050000000000000001
1.5040965619037323 1.2969093689917357 1.5142548127260402 -0 -0 -0 0.00050000000000000001
2.8988000273337891 2.1682561116852344 2.3778505895342561 0 0 0 0.00050000000000000001
2.6493062977348147 2.7397948342535954 1.8979760309567981 0 0 -0 0.00050000000000000001
1.2640424525665714 1.3405395432270275 1.9574672517138465 -0 -0 -0 0.00050000000000000001
1.4308250854782183 1.1905765721427972 1.9875940865706514 -0 -0 -0 0.00050000000000000001
1.7222928589860804 2.5284172572320056 2.7970198368892683 -0 0 0 0.00050000000000000001
1.657012867357587 2.807245582632504 2.468339632931265 -0 0 0 0.00050000000000000001
1.2784909661658777 1.5910995651663429 2.5506273003782001 -0 -0 0 0.00050000000000000001
1.1473411365236861 2.1940971244984242 1.5282316582160118 -0 0 -0 0.00050000000000000001
2.6128415844643929 1.9278166442560101 2.780500887376097 0 -0 0 0.00050000000000000001
2.1244602063851836 2.346284105863119 2.9262309362227268 0 0 0 0.00050000000000000001
1.5023331864449927 2.5804117792024801 1.3599695703624155 -0 0 -0 0.00050000000000000001
1.0205786272437805 1.8332196907523268 2.0333622517456047 -0 -0 0 0.00050000000000000001
1.9989922417083423 2.0280615083698734 1.0003943096544352 -0 0 -0 0.00050000000000000001
1.1482682176654455 2.3342439626187388 2.3994792688611684 -0 0 0 0.00050000000000000001
2.2188507293261517 1.0766074174924218 1.6974767303519802 0 -0 -0 0.00050000000000000001
1.5940946947433394 1.124994881328214 1.7626637101313651 -0 -0 -0 0.00050000000000000001
1.7669249397225482 1.1315272164487924 2.4316789149286713 -0 -0 0 0.00050000000000000001
