1000
1.9471870453159916 2.0005002318515932 2.0592240817205512 -0 0 0 0.001
2.1123597022877361 2.0191971183491817 1.9898389138486137 0 0 -0 0.001
1.9275559792660486 2.0507992818218588 1.8966447674290954 -0 0 -0 0.001
2.0649398999331074 1.8849432346872512 2.075368152936703 0 -0 0 0.001
1.9629382776591995 1.8416841983041348 1.971651825552944 -0 -0 -0 0.001
1.9099719417519427 2.1466004698955734 2.0389207714827284 -0 0 0 0.001
2.0777324729663156 2.0807144305197887 2.1497055038625201 0 0 0 0.001
2.0607363512882957 2.1758316061691847 1.9389558211695479 0 0 -0 0.001
1.8816848153066699 1.8515467182331971 2.0749222853416169 -0 -0 0 0.001
2.0029129197727307 1.9427414222011419 2.2044412005146423 0 -0 0 0.001
1.9804184196169705 1.8854783885740438 1.8142097688414285 -0 -0 -0 0.001
2.0846107140417862 2.0175730484409398 1.7913566604742499 0 0 -0 0.001
1.7846724997715659 2.0714619462159987 1.9505716762893859 -0 0 -0 0.001
2.1267295087349161 1.8123570551937764 1.9270996762010757 0 -0 -0 0.001
1.8165467003365565 1.93672296552137 1.8516643764395155 -0 -0 -0 0.001
1.7701736749654498 1.9924845942365865 2.095777234089315 -0 -0 0 0.001
2.2217953089498961 1.941066977866361 1.8904996526297737 0 -0 -0 0.001
2.2432426937377006 1.9451529837763935 2.0732608827273284 0 -0 0 0.001
2.1945881446836601 2.103906591403307 1.8543155651778678 0 0 -0 0.001
1.9814445290518761 2.1678537742236932 1.7897293820198243 -0 0 -0 0.001
1.8345801447450703 2.0950816318413481 2.1959120051460377 -0 0 0 0.001
1.8994709641328182 2.0277018622830285 1.7414144931467437 -0 0 -0 0.001
1.9824068246366962 2.0758944847826952 2.2717530131939214 -0 0 0 0.001
1.8611028587027014 1.7779211779266155 1.8839152345461596 -0 -0 -0 0.001
2.0040910616820269 2.2724886968900666 2.1001559879309859 0 0 0 0.001
1.7531868990403809 1.8397422317137535 1.995913557966448 -0 -0 -0 0.001
2.20909218077793 2.21141073799514 1.9787165405443556 0 0 -0 0.001
2.1560230667920854 2.2337098216152156 2.1105613131554493 0 0 0 0.001
1.7630045135464303 2.1704293714952132 2.0888716369236722 -0 0 0 0.001
2.134658985199803 1.8299463652507912 2.2212076031903174 0 -0 0 0.001
1.8377294117468383 1.8895411138940381 2.2432493668502596 -0 -0 0 0.001
2.2161662564812774 1.7853346432615416 2.0842866935364719 0 -0 0 0.001
1.9642801725041295 1.7658453264224547 2.2145730044617955 -0 -0 0 0.001
1.7911231045932732 2.1402197867797921 1.7972760973957733 -0 0 -0 0.001
2.3164355187704473 2.0721205427058238 1.9758267242900724 0 0 -0 0.001
2.0155016768652758 1.7176855901583665 1.8327611167298787 0 -0 -0 0.001
2.1602938160535503 1.8548066504283081 1.7488276855692431 0 -0 -0 0.001
2.2319419591896925 2.0026127636084778 2.2425596523779672 0 0 0 0.001
1.918005437565101 2.3007886105640445 1.8694844617605098 -0 0 -0 0.001
2.0756298441612944 2.3303161134917798 1.9659972505548735 0 0 -0 0.001
2.06930465834479 1.6823408325934683 2.111402199878142 0 -0 0 0.001
1.7823514224093033 2.2570807003114099 1.9191110553560211 -0 0 -0 0.001
2.2098157668591001 2.0210920779700059 1.7220875034895915 0 0 -0 0.001
1.7908866764243054 1.7228597457932493 2.0558742886779418 -0 -0 0 0.001
1.9387473684289545 2.2394044498545043 2.2539055440263938 -0 0 0 0.001
2.1210615172643741 1.9384747169369883 2.3313544749879251 0 -0 0 0.001
2.3002438406448356 2.1503136595774892 2.1297058669333473 0 0 0 0.001
2.1570694635238277 2.2837346748078309 1.8386053060120287 0 0 -0 0.001
1.6365289478371998 1.9822487776105928 1.9762141640420765 -0 -0 -0 0.001
1.8857381735888334 1.8100717914927487 1.7067175918223099 -0 -0 -0 0.001
2.1799765241544011 2.1708070771748469 2.2748525056957711 0 0 0 0.001
2.1155922526564805 2.1616052032164701 1.6849772806971244 0 0 -0 0.001
1.8373519884158132 2.3284540684863826 2.0753617286331933 -0 0 0 0.001
1.7139990715411186 1.8015277366023426 2.1438548228039509 -0 -0 0 0.001
1.6697249760407673 2.0116027609130618 1.8129115345236988 -0 0 -0 0.001
1.9542672667098482 1.8947266548603177 2.3645621879715981 -0 -0 0 0.001
2.1563472349958777 1.6508969081276617 1.971652847775003 0 -0 -0 0.001
2.2917753867532316 1.7689944683863179 1.8990891311909139 0 -0 -0 0.001
2.3781555367093081 1.932130215199185 1.9460970473328476 0 -0 -0 0.001
2.0652832674842601 2.0393634357037862 1.6165521795568862 0 0 -0 0.001
1.9417042065801402 1.6229137874264858 2.0927618950393665 -0 -0 0 0.001
1.9127720048811652 1.6218660884149259 1.9283256035799083 -0 -0 -0 0.001
1.7041997011641941 1.9572060281042729 2.2607048639827689 -0 -0 0 0.001
1.7469919618439547 1.8943243204790772 1.7090804271746516 -0 -0 -0 0.001
1.6280195876036587 2.1428694513553834 1.9541470241699941 -0 0 -0 0.001
1.8818315638355458 2.2023953503333891 1.6707617461955875 -0 0 -0 0.001
1.8430293788816994 2.0215454813738933 2.3731108104679057 -0 0 0 0.001
2.017361344964367 1.7535244613366545 1.6762833244249404 0 -0 -0 0.001
2.0148632076338497 2.2953592268274963 1.7163216546895781 0 0 -0 0.001
1.8376242365936668 2.157597598307694 2.3431856693689235 -0 0 0 0.001
2.0187905176956868 2.0940380002023349 2.4025763014714014 0 0 0 0.001
1.609899065088727 1.9444474329934465 2.1293336047676652 -0 -0 0 0.001
2.3633867813851532 2.0300358787563049 1.7985501736158511 0 0 -0 0.001
2.3683557895913605 1.8081484780801211 2.0555393786002134 0 -0 0 0.001
1.9184813879364853 1.9293188789561593 1.5923965251977168 -0 -0 -0 0.001
2.1560279539628002 1.6865228047086345 1.7640169012006959 0 -0 -0 0.001
2.2756535335405217 2.1862757610841976 1.7364412547352961 0 0 -0 0.001
2.3976565034397863 1.9992555194844541 2.1552684330829441 0 -0 0 0.001
1.7494850720106638 2.0675671158582967 1.6579078856773364 -0 0 -0 0.001
1.6310104473293889 1.834160136672053 1.8532934118136677 -0 -0 -0 0.001
1.6103849626121198 2.1144010355992755 2.1454271679614045 -0 0 0 0.001
2.3260329278721574 2.2774157474170398 2.0693720953736126 0 0 0 0.001
1.7343416439296644 1.7170811489427267 1.8021399929280089 -0 -0 -0 0.001
1.7350246517423296 2.2728539459893113 2.214360055343636 -0 0 0 0.001
1.6882973752686448 2.1183937120710601 2.2846071351410848 -0 0 0 0.001
1.9452555424308453 2.4365216024202989 1.9775150098774985 -0 0 -0 0.001
2.0647702500837544 2.3421336842328002 2.2728414488315316 0 0 0 0.001
1.832845698507328 1.6554801445501677 2.2250932892542066 -0 -0 0 0.001
2.1844962581449061 1.6680257593707433 2.2346475309826124 0 -0 0 0.001
2.3840128621024568 2.1905489785535242 1.8730793905001721 0 0 -0 0.001
2.1197941165842642 2.4047585052457081 2.1529198652757455 0 0 0 0.001
2.078680107699157 1.7680262957949717 2.3796314543004158 0 -0 0 0.001
2.2938650336182032 2.331961542349513 1.9110409701798066 0 0 -0 0.001
1.7481619930253991 2.2701474455808341 1.7345910624567 -0 0 -0 0.001
1.8799847523082831 1.6406704684432083 1.7469460405959851 -0 -0 -0 0.001
2.031672763919409 2.4216922108102565 1.8257360585985487 0 0 -0 0.001
2.2359394782515123 2.0785760460774712 2.3868504575807026 0 0 0 0.001
2.1735874114739357 1.9303236642982837 1.5793636061797249 0 -0 -0 0.001
2.2775153266338544 1.9241273347927941 2.3630118994883738 0 -0 0 0.001
1.7849524270213144 1.866808868531008 2.388583449876533 -0 -0 0 0.001
2.0852331530509645 1.5688495400378073 1.8492882468474718 0 -0 -0 0.001
2.0234315203465552 1.6262542371420836 2.2793478649633037 0 -0 0 0.001
1.9047075185149205 1.7279410739829542 2.3695784218532681 -0 -0 0 0.001
1.9554923188797526 2.4435574222009344 2.1466206523132954 -0 0 0 0.001
2.2840604803793023 2.2973860335857164 2.2305289757115689 0 0 0 0.001
2.2900216515661538 1.642697839301495 2.1085615977313803 0 -0 0 0.001
2.3844118314763194 1.8386869510688126 2.2274307125331902 0 -0 0 0.001
1.909305680187982 2.1045956545769182 1.5438134048442071 -0 0 -0 0.001
2.3207238016500451 1.9050248603440503 1.6606126142749378 0 -0 -0 0.001
1.6495283397747158 2.3244961161426967 2.0236101304177252 -0 0 0 0.001
2.4609618416493704 2.1262623111364571 2.0438904479780837 0 0 0 0.001
2.1613089369672602 2.257523782235757 2.374130651392433 0 0 0 0.001
2.4109254295043017 1.8538669489854853 1.7944176794048838 0 -0 -0 0.001
1.5804902951280813 1.7630718021954084 2.0465574118180583 -0 -0 0 0.001
2.254338524905624 1.7581358494074568 2.3374275437606329 0 -0 0 0.001
2.2420852937977709 2.0933597146118661 1.5877366476478683 0 0 -0 0.001
2.1288271030666794 2.0155899389000704 2.4722176292261078 0 0 0 0.001
1.7350433560613854 1.7351458474425572 2.3157333799518165 -0 -0 0 0.001
2.2937153870260962 1.7584135529151879 1.6900294678643901 0 -0 -0 0.001
2.3550336111853789 2.1634472490791632 2.3012311334390416 0 0 0 0.001
2.1276820346742227 2.4747780188969815 1.9526455252919432 0 0 -0 0.001
1.8755565843613877 2.3979913550793865 1.7313356068739196 -0 0 -0 0.001
2.4870016775558383 2.0332265459111856 1.9101382286721662 0 0 -0 0.001
1.5473832238039229 2.1444251230901088 1.8491863313028103 -0 0 -0 0.001
1.6979065226109271 2.3661263526654812 1.8435460470810228 -0 0 -0 0.001
1.8534090471852036 2.3760209245502426 2.2957180282313461 -0 0 0 0.001
1.6084204890769833 1.8053909985192669 2.246064942039828 -0 -0 0 0.001
2.2736927540154239 1.6033571187012374 1.8564241715174772 0 -0 -0 0.001
2.159752989169224 1.7698995188409072 1.5804130171167752 0 -0 -0 0.001
2.1952677060634773 2.3306109004905928 1.6700557109889322 0 0 -0 0.001
2.2599388354922314 2.4332591948648159 2.0446552116915271 0 0 0 0.001
1.638695461378973 1.6501933359351479 1.9242331944323454 -0 -0 -0 0.001
2.0578454396223691 1.4939217995213636 1.9822122642335331 0 -0 -0 0.001
1.494001969210943 1.9415493460551174 2.0394359468784442 -0 -0 0 0.001
1.817885715990416 1.8369147414644704 1.5485845343472568 -0 -0 -0 0.001
2.1610115750755616 1.5238946579032757 2.1069740005393274 0 -0 0 0.001
1.7671830649596048 1.541574901481289 2.0265258119491354 -0 -0 0 0.001
2.1014648548707626 2.163836743034385 1.5203415773028377 0 0 -0 0.001
1.8279441372906851 2.4720745194121516 1.8754816523840223 -0 0 -0 0.001
1.4927281492415081 2.1048875701960035 2.0213215313392805 -0 0 0 0.001
1.7322526384590997 2.4451531581828823 2.015324781355091 -0 0 0 0.001
2.0242386602465587 1.5796779889384336 1.6932497293022533 0 -0 -0 0.001
2.3965298316912516 1.6606208805575151 1.9849531950965313 0 -0 -0 0.001
1.760990397556891 1.5576827349217568 1.8538685941282351 -0 -0 -0 0.001
2.0138666322370735 1.4938313166149477 2.138640507762287 0 -0 0 0.001
1.7484224090979317 1.6997378229430202 1.648109674986131 -0 -0 -0 0.001
1.649120501894908 1.6379262178964766 2.1535854520874382 -0 -0 0 0.001
1.5844766984439191 2.0923085833694701 1.6850587216149941 -0 0 -0 0.001
1.9508236997640609 2.3284400837479806 1.5861039684781812 -0 0 -0 0.001
1.9825130857470714 1.8238330059569514 1.4989604160181889 -0 -0 -0 0.001
1.9255542627104087 1.8387737424809134 2.5024674202941539 -0 -0 0 0.001
1.6690886130247002 1.9837486440078902 2.4174358671926224 -0 -0 0 0.001
1.6033403685892238 1.7687742095470163 1.7255199657220197 -0 -0 -0 0.001
1.524156708434055 1.9353157777401455 1.7615356577298513 -0 -0 -0 0.001
2.2317211452129291 2.4508358314488272 1.8237709369287254 0 0 -0 0.001
1.8917490715036085 2.1064752091454486 2.516404003504698 -0 0 0 0.001
1.6200473688102723 1.9432191879909753 1.6203338034086132 -0 -0 -0 0.001
2.1425467687865467 1.8437321480953135 2.4986310562843621 0 -0 0 0.001
1.7840987733964737 2.4642216697271424 2.1740004549603738 -0 0 0 0.001
1.9134710278249063 1.4647012176699077 2.0008866035695574 -0 -0 0 0.001
2.5132828985258966 1.8510114276267902 2.0999899602908636 0 -0 0 0.001
2.4180304164543629 1.6824808998950185 2.1466764578490212 0 -0 0 0.001
1.8947442826551113 1.6834227609176557 1.5675727124538268 -0 -0 -0 0.001
2.5197421402947553 1.846404772613824 1.9298924470926808 0 -0 -0 0.001
2.0255998957326256 2.246620331427879 2.489299201586693 0 0 0 0.001
1.4782713702494403 1.8634555245593558 1.8959083226452289 -0 -0 -0 0.001
2.3423331159345171 2.3360804859134388 1.730816261058439 0 0 -0 0.001
1.9363311238133893 1.484221130524527 1.8167393122561473 -0 -0 -0 0.001
1.7708810017514387 2.0061477735402122 1.495804488335978 -0 0 -0 0.001
1.553522952398948 2.3005946306292642 1.8697041695037262 -0 0 -0 0.001
2.2818448695833156 1.5231981526516314 1.9778044754501629 0 -0 -0 0.001
2.3838523784210559 2.1867961217995386 1.6447024034298674 0 0 -0 0.001
2.1174048266726682 2.0253624184332186 1.4557502553997834 0 0 -0 0.001
2.4231958220084833 2.0131412075273496 2.3650999894189049 0 0 0 0.001
1.6878524304566636 2.2789459517262944 2.3693676635863019 -0 0 0 0.001
1.9717582260458695 2.3645460199941644 2.4241456290187009 -0 0 0 0.001
1.9164496694793483 1.5094770032525586 2.2599417308996701 -0 -0 0 0.001
1.7590905060405984 2.1830608956344224 1.5244980648502007 -0 0 -0 0.001
1.6276307833533241 2.3964766638609514 2.1434748597956674 -0 0 0 0.001
2.4199463209158001 1.6825166678878278 1.7991947885015493 0 -0 -0 0.001
1.5129020704695257 1.9499809987046579 2.2811560965574023 -0 -0 0 0.001
2.5212925614502422 1.9806869940175515 2.2221228783140403 0 -0 0 0.001
2.5016625143956315 2.1267217734366337 1.7686710733773077 0 0 -0 0.001
1.8471965408884146 2.2772590278164375 2.4718972009625819 -0 0 0 0.001
2.4893222089954281 2.2618065419577986 2.1282141337828762 0 0 0 0.001
2.0326239182464794 2.4936294247304724 2.2835628579758707 0 0 0 0.001
1.9735945865509872 2.552084298180457 1.8544044852424961 -0 0 -0 0.001
1.4975385637295719 2.0960789569868195 2.2552637462131067 -0 0 0 0.001
2.5014286589875385 2.1384885013815387 2.2429437832976533 0 0 0 0.001
1.6261817012610393 2.230725152607004 1.6278172647671325 -0 0 -0 0.001
2.1066597245872254 2.471413918871082 1.6868634881251907 0 0 -0 0.001
2.2693089349378397 2.2792333022601183 1.5733112734017682 0 0 -0 0.001
2.1581326571992188 1.6197465853219277 2.4066187491625 0 -0 0 0.001
2.1824403130361465 1.50658235441897 1.760788399122913 0 -0 -0 0.001
2.2320745502905295 2.45126555958096 2.2801852009321912 0 0 0 0.001
1.4334979572823334 2.0387043915885363 1.8783882713939843 -0 0 -0 0.001
1.7884909973287002 2.3458539630347985 1.581366509456128 -0 0 -0 0.001
2.3339240904862084 1.9798728386591729 1.523551177848518 0 -0 -0 0.001
2.4519808961310718 2.0242654285325727 1.6328157984666278 0 0 -0 0.001
1.6079520163528735 1.8517718559245768 2.406915482775323 -0 -0 0 0.001
1.4634998534676458 1.8226269406828495 2.1511876084138946 -0 -0 0 0.001
2.0152858614498506 2.5852453322536055 2.0285888021730569 0 0 0 0.001
1.8479936308146956 2.5652352380478711 2.0446630502848326 -0 0 0 0.001
1.7399526155016738 1.5072022593352692 2.1886610005195792 -0 -0 0 0.001
2.4283197302688158 2.4039061543164086 2.0226068874094438 0 0 0 0.001
2.12549865574691 1.4853307954294364 2.2616257013388044 0 -0 0 0.001
2.2716282057795993 1.5576424000344091 2.2846792924603845 0 -0 0 0.001
1.6515754692432354 2.1431251846007937 2.4562635734016256 -0 0 0 0.001
1.8362089953806655 1.5603940577614257 1.6369207293763264 -0 -0 -0 0.001
2.1218507210834701 2.3293792763638295 1.5200032190055512 0 0 -0 0.001
2.3820525336593725 1.6647481466562901 2.3112953571805166 0 -0 0 0.001
2.0183275173014135 1.9462058885567282 2.5944642413420045 0 -0 0 0.001
2.058392017861816 2.1099585924589093 2.5848257554609688 0 0 0 0.001
2.301329599293803 1.5924679387388307 1.6844826092319911 0 -0 -0 0.001
1.881029292361081 1.9262844308698472 1.4166264908164505 -0 -0 -0 0.001
1.9602917126536294 2.075920548589151 1.4052406442642973 -0 0 -0 0.001
1.5061661513076054 2.3363613142420196 2.05600190897739 -0 0 0 0.001
2.1256155816969544 1.8584961725936024 1.4287224921075921 0 -0 -0 0.001
1.457611694539422 2.2127542130929543 2.1504428995329752 -0 0 0 0.001
1.4794879716075493 1.7048419331264864 1.9229122383709356 -0 -0 -0 0.001
2.2164433743219405 2.0871509571691829 2.5589649542123287 0 0 0 0.001
2.4010474414064396 2.4156113424518382 2.1812358273565526 0 0 0 0.001
2.5387816703751476 2.2425866726694172 1.8669310391809419 0 0 -0 0.001
2.1514395530620072 1.5804923280017282 1.5889676478159949 0 -0 -0 0.001
1.9692639179015465 2.2422311953215752 1.4419013679067381 -0 0 -0 0.001
1.6104769326100414 2.093040226203351 1.5394636207996335 -0 0 -0 0.001
2.4682427397039257 1.8711675711350437 1.6327356127209134 0 -0 -0 0.001
1.7457048263546862 1.8204357269875915 2.5256814786815367 -0 -0 0 0.001
2.3645436472610166 2.2998250645002241 2.3900199661539743 0 0 0 0.001
2.4377597994087696 2.4053895276879071 1.8632507737355468 0 0 -0 0.001
1.8379908004788634 1.5596950162169054 2.3957252007414231 -0 -0 0 0.001
2.4160697754973395 1.8175387318942919 2.4154652605758793 0 -0 0 0.001
1.7585130379170519 2.0242779324642823 2.5653154860886476 -0 0 0 0.001
2.2665428881112408 1.8366230148248177 1.4696350036035919 0 -0 -0 0.001
2.3275043951698842 2.5210715545657978 1.9620092989955344 0 0 -0 0.001
2.1203162572008671 2.5803185860973028 2.173129282983091 0 0 0 0.001
1.9405815737982262 1.6613521649173222 2.5154342960881944 -0 -0 0 0.001
1.77683341318206 1.659333853266669 2.4673243844487658 -0 -0 0 0.001
2.5658726776859173 1.9617676340080883 1.7507960988710261 0 -0 -0 0.001
1.6466086628515324 1.4895353243936122 2.0111942789201969 -0 -0 0 0.001
1.6413793952203213 2.3886854255597894 2.3258722449739127 -0 0 0 0.001
1.3961128381491945 1.9672753461839634 2.146521363675054 -0 -0 0 0.001
2.0495211997978879 1.6545905608395675 1.4829654573610533 0 -0 -0 0.001
2.3681306106746174 2.1596439243060912 2.4803678939442326 0 0 0 0.001
1.5339664892956781 2.2445867914170017 2.3362535401121844 -0 0 0 0.001
2.2024528948399884 2.2580579648068322 2.5347044129539054 0 0 0 0.001
2.1477045592565354 2.4179431333670345 2.4441268553648681 0 0 0 0.001
2.1858204734272033 1.4007918016809637 1.97994753033395 0 -0 -0 0.001
1.6731760450850295 1.867689265231451 1.477705720681513 -0 -0 -0 0.001
1.7723512895025977 1.4171906512722132 1.9312373723734806 -0 -0 -0 0.001
2.0129922343537152 1.5399794871780887 2.4324362476429857 0 -0 0 0.001
2.2514993356339374 1.7582325387610347 2.5283056088886018 0 -0 0 0.001
2.6204111735248046 2.0905184129419756 2.0814099231432994 0 0 0 0.001
1.871067793421046 1.3992197224402549 2.1522384307460314 -0 -0 0 0.001
2.3346790067952763 1.9211037954490231 2.5345945499408251 0 -0 0 0.001
1.6451364819039869 2.3982599429506237 1.6541146099143658 -0 0 -0 0.001
1.7229158165154845 2.5120778239153494 1.743758845169642 -0 0 -0 0.001
2.0877705791930805 1.7111560638497418 2.5619040600829281 0 -0 0 0.001
1.6789243040556845 1.538273688563633 1.7001010869934909 -0 -0 -0 0.001
2.2687265614264502 1.669496701051435 1.5258410943843406 0 -0 -0 0.001
1.6346062153398202 2.513865365047264 1.8972274785238454 -0 0 -0 0.001
1.5727725933015668 1.6884242286537852 2.3594529198705194 -0 -0 0 0.001
1.6831541075795773 1.5627048688066791 2.3443897114534877 -0 -0 0 0.001
1.4080066664439164 2.2261885565490402 1.9016742480584148 -0 0 -0 0.001
1.9572525820020157 2.617963544738199 2.1672310157160215 -0 0 0 0.001
1.4710250325230576 2.2352941440734528 1.7185895269073703 -0 0 -0 0.001
1.5100007128399167 2.0606087476770774 2.4118132817567473 -0 0 0 0.001
2.6420003243867467 1.9596710764864702 1.9668163568888404 0 -0 -0 0.001
2.5399944253573841 1.7747116847317934 1.7301183099892083 0 -0 -0 0.001
2.0754405139311354 1.3790481218334578 1.8403055170515052 0 -0 -0 0.001
2.4061223467018853 1.7335294313599134 1.5740760656350941 0 -0 -0 0.001
1.487841659110372 1.6658058134182783 2.2120344687545432 -0 -0 0 0.001
1.8636292743720753 2.5628807814947359 2.2903987861882014 -0 0 0 0.001
1.437776134209672 1.7584501507511068 1.7818667115179005 -0 -0 -0 0.001
1.4844587581263027 1.8617992121268578 1.6272139636836753 -0 -0 -0 0.001
2.0389703936037598 2.4702844585948323 1.5505625542241857 0 0 -0 0.001
2.1215670395937938 2.6340547272584098 1.9124514804376649 0 0 -0 0.001
1.6038432642392233 1.7315891821038352 1.555167234656494 -0 -0 -0 0.001
2.5455815747846278 1.8357860574341547 2.3216379758544665 0 -0 0 0.001
1.7966606577612425 2.4325412730810583 2.4456036534553478 -0 0 0 0.001
2.5646675888095158 2.3310623501045598 2.0011551370924434 0 0 0 0.001
1.3735500239486078 1.8130072903058885 2.0431259591108755 -0 -0 0 0.001
2.3165457523282487 2.5549125782890054 2.1499783524697866 0 0 0 0.001
2.2882674840623745 1.4327630192264689 2.1651064645341496 0 -0 0 0.001
1.5012572264687707 1.5760770864342422 2.0627925246791112 -0 -0 0 0.001
2.5048086990001703 2.3126632755061283 2.2862346628903718 0 0 0 0.001
1.557359910157696 2.4873331171849569 2.0287229857864255 -0 0 0 0.001
2.2156248823389242 1.970290208480838 2.6250987034762701 0 -0 0 0.001
1.4112710309478973 2.0730750231072124 1.7067406666106084 -0 0 -0 0.001
1.8485063949323763 2.5222433260058685 1.6213688769506529 -0 0 -0 0.001
1.3378839135565728 2.0057464807749534 1.9922564376056873 -0 0 -0 0.001
2.5440483628469983 1.631915682372207 1.9129474624002194 0 -0 -0 0.001
2.1566795825043799 2.6012153014561865 1.7655165051634012 0 0 -0 0.001
2.4149596232803745 1.4853142654807705 2.0683464431409457 0 -0 0 0.001
1.7585655313895101 1.6921004274955787 1.4606461775564732 -0 -0 -0 0.001
2.2651722666798055 2.1780844705482552 1.4149699175138837 0 0 -0 0.001
1.5361202135179091 1.6023129418965281 1.731790288778871 -0 -0 -0 0.001
2.6445579379275608 2.0977232217878004 1.8583285212709189 0 0 -0 0.001
2.1268419011027913 1.357359973323907 2.1337553839219603 0 -0 0 0.001
2.2703677202715773 2.5160558636945032 1.6704910298969395 0 0 -0 0.001
1.8694858121638576 1.7747447343553724 1.3816512814247184 -0 -0 -0 0.001
2.1996206741960198 2.6384782857181626 2.0450222530098965 0 0 0 0.001
1.7787636057740583 1.414297840270307 1.7578565542831028 -0 -0 -0 0.001
2.4291672640799638 2.1136877648087626 1.4957780337302169 0 0 -0 0.001
1.9140531760906661 2.0342395677522345 2.6674111691990356 -0 0 0 0.001
2.263640646150713 2.0270299435792967 1.3804662682334041 0 0 -0 0.001
1.8382985397200129 1.8836680213742125 2.6451321548512201 -0 -0 0 0.001
2.5719673855392959 1.7014557172604501 2.2005762064707244 0 -0 0 0.001
1.5514502130367633 2.4529101523731347 1.7737403564191279 -0 0 -0 0.001
2.424624743044252 1.4835602088636151 1.9004058554627294 0 -0 -0 0.001
2.3075127202522716 1.4174877379016775 1.8452677871187606 0 -0 -0 0.001
1.9909613271077098 1.5031176261451029 1.5389802037527249 -0 -0 -0 0.001
1.8095301811963111 2.2663606355995758 1.40349584257909 -0 0 -0 0.001
2.0005656466913502 2.5846268042500604 1.6525664588299263 0 0 -0 0.001
2.5031183750803145 2.1803941942593053 2.4226176260192442 0 0 0 0.001
1.8302200351518181 2.2433365472497511 2.6129926136046238 -0 0 0 0.001
2.0290310085275798 1.319272321593334 1.9944071342114875 0 -0 -0 0.001
2.6117583351940779 1.6998102450356383 2.031657604649113 0 -0 0 0.001
1.8437834742221542 2.6286358733306283 1.7821329289964964 -0 0 -0 0.001
1.5236624795588738 1.5226029599337738 1.8874304730309743 -0 -0 -0 0.001
1.88493967184388 2.4249520220915026 1.4740777691832929 -0 0 -0 0.001
2.0290740282594668 1.9350656796430794 1.3175467254650046 0 -0 -0 0.001
2.2762233279763917 2.4301117602717071 1.5422015543354817 0 0 -0 0.001
1.4718053884814752 2.0058668882553428 1.5591725067440481 -0 0 -0 0.001
2.4353537349541519 1.5189380094178293 2.2286861610628881 0 -0 0 0.001
1.938857708307953 2.526465748596344 2.4382533419298684 -0 0 0 0.001
1.4675863556238902 2.3658529636975567 2.2361876063305952 -0 0 0 0.001
1.9435426763163375 2.3458866120139379 2.5939909262991323 -0 0 0 0.001
2.0710077325584022 1.4091833088637795 1.6514695765344993 0 -0 -0 0.001
1.9940297627834656 1.3647893719606718 2.2725611145923494 -0 -0 0 0.001
2.625475446600499 1.7373153669970736 1.8695116696298504 0 -0 -0 0.001
2.6684154216597982 1.8936240738717811 2.1466554705122332 0 -0 0 0.001
2.1001433878627997 2.1349204734673046 1.3267156715395836 0 0 -0 0.001
2.6361398725641592 2.0725515060693009 2.2687191041765975 0 0 0 0.001
2.4125095738214113 2.4501629891457233 2.3314720811176812 0 0 0 0.001
1.9186251437670148 1.3238805895485604 1.8629831491284548 -0 -0 -0 0.001
1.4230176656288536 1.7946092027301459 2.3287377233500202 -0 -0 0 0.001
2.1620617716609329 1.7129227833046117 1.3866177202694785 0 -0 -0 0.001
1.3226129771424309 2.1532438296601941 2.053904452269498 -0 0 0 0.001
2.3771219561762704 1.6658743831227649 2.4851463438766359 0 -0 0 0.001
2.5481100337799094 2.2433997320164827 1.6430659490995621 0 0 -0 0.001
2.4994983718602759 2.3910023682261832 1.7069113425410816 0 0 -0 0.001
1.5737476106975608 2.0096609784961883 2.5544490654359953 -0 0 0 0.001
2.40111589201361 2.5278488102014678 1.7743770965947692 0 0 -0 0.001
2.4317384181897941 1.8556228994066106 1.4675942500116965 0 -0 -0 0.001
1.6472262328561638 2.5575408777686297 2.2369489071077591 -0 0 0 0.001
1.3347716848464151 1.9291653557275286 1.7840060765345751 -0 -0 -0 0.001
1.727664579697018 2.6311573025101263 2.1452129106625035 -0 0 0 0.001
2.4625835002941074 2.0346430564687794 2.5316670975515585 0 0 0 0.001
1.9279512910049732 1.3888187767654698 1.6576076942588447 -0 -0 -0 0.001
2.4262618977151096 2.3389381521460813 1.5521814375469845 0 0 -0 0.001
1.664617926354417 2.1632972836317172 2.5989327353616423 -0 0 0 0.001
2.1142437050830001 2.3550524610887837 2.6009145837650349 0 0 0 0.001
1.6965552149001273 2.3371400060433025 2.5419118693226475 -0 0 0 0.001
2.4876783455094009 1.6100123794612109 1.6687336636807124 0 -0 -0 0.001
2.149253993821187 1.4401518521833443 2.409696559313347 0 -0 0 0.001
1.6232695695497776 2.0072225060021465 1.3970275636032614 -0 0 -0 0.001
2.1857690758460735 2.5995449623811964 2.3314942066430437 0 0 0 0.001
1.8009567383753045 2.6788968452750561 1.9354184237298695 -0 0 -0 0.001
1.6177272146019921 2.2513327500432911 1.4531074944397471 -0 0 -0 0.001
2.3282428508047461 2.3369580702618218 2.5356713317371571 0 0 0 0.001
2.129257892914417 1.8083433439184482 2.6759181284443629 0 -0 0 0.001
2.2844727409262657 1.5312628230850192 2.4583070674506375 0 -0 0 0.001
1.636381026727846 1.4066882209676161 1.8414112833717853 -0 -0 -0 0.001
1.971263414089838 1.7772459576000514 2.6797667569503445 -0 -0 0 0.001
1.7970223247353303 2.0451201387682305 1.3139061232800593 -0 0 -0 0.001
2.2907842171032429 2.4884021369138742 2.4357845555360935 0 0 0 0.001
2.2870111696320583 2.6405622046706152 1.857157528748693 0 0 -0 0.001
1.3293736084176557 2.097485378318622 2.2317841931524343 -0 0 0 0.001
2.5236373056545283 1.6937818297080605 2.3861406434420243 0 -0 0 0.001
1.626247238042287 1.6827512755459735 2.5252718012989943 -0 -0 0 0.001
1.5351282809674973 1.5190584113818162 2.2631128480877298 -0 -0 0 0.001
1.8373185746739833 1.6870800271185273 2.6284278104475201 -0 -0 0 0.001
2.5674221119106631 2.419449919230332 2.1452384536056659 0 0 0 0.001
1.599783506735029 1.8373315380686255 2.5771374756798888 -0 -0 0 0.001
2.0354338419500984 1.7633451880355693 1.3186147922338054 0 -0 -0 0.001
1.852183425258241 1.5493918641863367 1.4547622305561214 -0 -0 -0 0.001
2.4652110642242215 2.5488669467203988 2.0685909742766793 0 0 0 0.001
1.8541600944794061 1.2923679427833612 2.0341784714379534 -0 -0 0 0.001
1.6872567854846692 2.3824921573038833 1.4682733427226724 -0 0 -0 0.001
1.4254242048828307 2.4363836021804803 1.9320973336350715 -0 0 -0 0.001
2.7001658479349704 1.8123555948441099 1.983193099603773 0 -0 -0 0.001
1.4765750401248749 2.22247962736845 1.5462241920727737 -0 0 -0 0.001
2.0950832382011595 2.0627971658655446 2.7192198034463511 0 0 0 0.001
2.2571336426892752 1.4425454788799144 1.6114880272865784 0 -0 -0 0.001
2.695175032795464 2.2128658568635746 1.9701530737136219 0 0 -0 0.001
1.9680306739299964 2.7239598407881171 1.9258002328941577 -0 0 -0 0.001
1.397858752325035 1.9429221671396963 2.4059110264035639 -0 -0 0 0.001
1.7355921720588365 2.5677731178149665 2.3731442809481229 -0 0 0 0.001
1.4593671197449447 1.6944649746031168 1.6138504872292105 -0 -0 -0 0.001
2.0171366467121534 2.6481971374366697 2.3368778243170945 0 0 0 0.001
1.9742711896942216 2.1975545209632785 2.7049320880250569 -0 0 0 0.001
1.7281648620429673 1.8600154375307649 1.3328402417544907 -0 -0 -0 0.001
1.9344230727719618 2.1800410977340468 1.2908519746499125 -0 0 -0 0.001
1.7494900467502168 1.3798291081500782 2.3016008906740963 -0 -0 0 0.001
1.6820884492973383 1.5545683824204817 1.5096450017903544 -0 -0 -0 0.001
1.4938332577372249 2.3684885165218499 1.6129742413154677 -0 0 -0 0.001
2.4016442580633655 1.4555184496406555 1.714201238597183 0 -0 -0 0.001
1.3081838351832398 1.790209029449489 1.8609454202887936 -0 -0 -0 0.001
2.6968887753012853 1.8782271334714729 1.7976824060028589 0 -0 -0 0.001
1.3468639683704327 1.6585517316594098 1.9920489785314968 -0 -0 -0 0.001
2.549958874800188 1.8919652452967688 2.482533862469444 0 -0 0 0.001
1.3370026875209819 2.3222728412871145 2.0355620267136851 -0 0 0 0.001
1.7172022721252809 1.3346594543775376 2.1531584703820399 -0 -0 0 0.001
1.5007807908377011 2.2021302867323382 2.5058100838781749 -0 0 0 0.001
2.0897030000866139 2.3610505666053019 1.35861141980703 0 0 -0 0.001
1.5498535914855667 2.3526837571257992 2.4696668425807942 -0 0 0 0.001
1.5175861817133312 1.8633448642088586 1.451594941352504 -0 -0 -0 0.001
1.9153783324012552 1.3962123020198192 2.4243833262624639 -0 -0 0 0.001
2.1119411005651392 2.5687275927264386 2.4644970576290173 0 0 0 0.001
2.1814779113736811 1.5907982752258967 2.5956829718363279 0 -0 0 0.001
1.4058232622315021 2.3896401739882389 1.7777129217098326 -0 0 -0 0.001
2.6723465093764642 2.1005273918715472 1.6983278169414238 0 0 -0 0.001
2.5820082774413335 2.0910702516413271 1.5448675066758994 0 0 -0 0.001
2.3058249767488208 1.4016452419326604 2.3254242182044376 0 -0 0 0.001
2.0071568866603577 2.7132202544528692 1.7795032309682546 0 0 -0 0.001
1.396842134422515 1.5969439409502275 1.8213677370031223 -0 -0 -0 0.001
1.8912713440805125 2.7348133863370228 2.0801595096071734 -0 0 0 0.001
2.3863856659061118 1.5296647349487369 1.5666676514059086 0 -0 -0 0.001
2.6301046344815 2.322436662280793 1.757492636668045 0 0 -0 0.001
1.6421136694597471 2.6579050657531003 1.9878655372649796 -0 0 -0 0.001
2.5719379499286039 1.5168188184903189 2.0392867452695489 0 -0 0 0.001
1.4555181775234527 1.8390752388480995 2.4900651657065134 -0 -0 0 0.001
1.3355286357259073 1.7068272583008048 2.1894325001245085 -0 -0 0 0.001
2.1622842914494904 2.2257204686149152 2.699826035279115 0 0 0 0.001
1.6746821827974376 1.9307742364022762 2.6750427253761782 -0 -0 0 0.001
1.8448512571843667 1.5225122777906672 2.5622451211862969 -0 -0 0 0.001
1.6756235565295157 2.5494316455947694 1.5970568412085095 -0 0 -0 0.001
1.3698550393835038 2.1746615955795678 2.3734423836197198 -0 0 0 0.001
1.6557716790737134 2.6458335483576283 1.8147098948750868 -0 0 -0 0.001
2.7028289098616902 2.2072453224169113 2.1843102319921117 0 0 0 0.001
2.0746818773419595 2.7491540038604358 2.0630111426358693 0 0 0 0.001
2.2825263309839112 2.101885612028553 2.6962077113360614 0 0 0 0.001
1.6782722412487749 2.1626878814548816 1.3320433268202132 -0 0 -0 0.001
1.5554120093192814 1.4025112751818427 2.1374405377625258 -0 -0 0 0.001
2.161807978573389 2.4766002125014039 1.4319310498312134 0 0 -0 0.001
2.0096931839269581 1.919590244637801 2.7559448531367865 0 -0 0 0.001
2.3660007744086 2.596090263797969 2.2957243295557519 0 0 0 0.001
2.3128924087313254 1.3092823215102061 2.04644452104831 0 -0 0 0.001
1.2563357920012868 2.059420882671561 1.8514380771259669 -0 0 -0 0.001
2.5649457777565052 2.4809133837256323 1.8320983014833521 0 0 -0 0.001
1.294667681533977 1.9091922514845117 2.2703405126428895 -0 -0 0 0.001
1.7978207950570866 2.1406322480438753 2.7217142430675709 -0 0 0 0.001
2.1685284765898993 2.6327310977726741 1.607960828565653 0 0 -0 0.001
2.4378028078462237 1.9975965012687165 1.3751475375582265 0 -0 -0 0.001
2.6807348567305089 1.7758122195430863 2.2666577164967756 0 -0 0 0.001
2.2043394087591714 1.3138980591280764 1.7339248920272625 0 -0 -0 0.001
2.2272438553460279 1.8474651099892241 1.2853872476277608 0 -0 -0 0.001
1.919602659789549 1.6231717376082679 1.3377238413992609 -0 -0 -0 0.001
2.5498281320258984 1.5151691813014665 1.7804095643302291 0 -0 -0 0.001
1.6642303290985319 1.3109535854741154 1.9948304405038617 -0 -0 -0 0.001
1.3194796173042418 2.2739221387171709 2.2217747391452316 -0 0 0 0.001
1.7587029000156766 1.4318077415916601 2.457479752122711 -0 -0 0 0.001
2.4382451725446384 1.7973957188678824 2.6005304474724857 0 -0 0 0.001
2.5929836495131573 1.8318826773588097 1.5418521011611852 0 -0 -0 0.001
1.5499508921854943 2.6099468495897717 2.1288056575930177 -0 0 0 0.001
2.1512880086500794 1.3086850118746103 2.3054062636707959 0 -0 0 0.001
2.3543991152028889 2.6831236604449238 2.0375629694254678 0 0 0 0.001
1.9520354353504545 2.5959273151912816 1.5110580882346265 -0 0 -0 0.001
1.9323946224617121 2.3494335601118514 1.3132469914604381 -0 0 -0 0.001
2.1737642022109802 2.0070783234506675 1.2467173758608181 0 0 -0 0.001
2.4335752783440316 2.2374133881198364 1.4058864067761818 0 0 -0 0.001
2.4728339216840021 2.6030241523876763 1.8965255219943375 0 0 -0 0.001
1.2345745129462822 1.8877560468503878 1.9819373069725246 -0 -0 -0 0.001
2.0838356330150236 1.5533685202297001 1.3727589045660566 0 -0 -0 0.001
1.8742559245856325 1.8909334651086289 1.241409433621417 -0 -0 -0 0.001
1.7621055103164307 1.4048721625145508 1.56278035890531 -0 -0 -0 0.001
2.6517786835856807 2.2572099614797785 2.3360007727515057 0 0 0 0.001
1.5156702216240583 1.5717390012741754 2.4303626568359356 -0 -0 0 0.001
2.2507727811192235 2.7045567506191786 2.2115196526521705 0 0 0 0.001
2.140707063831055 1.4394819322753896 1.4799827477957483 0 -0 -0 0.001
2.7268820269900194 2.1975046844502573 1.8059280847812402 0 0 -0 0.001
1.5069846064186683 2.5173988063440547 2.3074596083153103 -0 0 0 0.001
2.2290089233172523 1.263207487721524 1.8924158579725552 0 -0 -0 0.001
2.342732462965575 1.7404159854378409 1.34957233389923 0 -0 -0 0.001
1.7032822275217712 1.7499603542532824 2.6780731304952861 -0 -0 0 0.001
1.9161801131146299 2.5019541003920249 2.5925747961452488 -0 0 0 0.001
1.3125774957970413 1.8177011384807027 1.6734889002491309 -0 -0 -0 0.001
2.4482255970670321 1.5064712901994097 2.4118822724561104 0 -0 0 0.001
1.7525557174708783 1.2724263293171751 1.8521668725135614 -0 -0 -0 0.001
2.7048461911732757 1.9228551805351486 2.3355892960014724 0 -0 0 0.001
2.5776173356253853 1.9713094957591757 1.4719713700548889 0 -0 -0 0.001
1.4235773657915345 2.5093306707386587 2.1499590107559308 -0 0 0 0.001
2.4177826796571749 2.2031495072691807 2.6349121983715733 0 0 0 0.001
2.4967232383315143 2.3160732655202003 2.5219572245408517 0 0 0 0.001
1.9712591761273015 2.0277738645281951 1.2134196735740024 -0 0 -0 0.001
2.2342887046699356 2.4578151029461313 2.5962488376857209 0 0 0 0.001
1.6217327257553023 1.7067916875486238 1.3733356022080949 -0 -0 -0 0.001
2.4465307701349301 2.5064790907560557 1.5944894045927946 0 0 -0 0.001
1.8315767683040973 2.7300703224016054 2.2427836986998888 -0 0 0 0.001
2.0071192719201369 1.2612966506802852 1.7249636170541516 0 -0 -0 0.001
2.3193022793637481 1.8424556842023565 2.7069899298765105 0 -0 0 0.001
2.5893238753127847 1.5613437727169661 2.2925133900188293 0 -0 0 0.001
2.78611392043479 2.0762611532970325 2.025717997953647 0 0 0 0.001
1.9820250671290398 1.6011981662256649 2.6845925213408739 -0 -0 0 0.001
1.6108451029408113 2.5158213497419837 2.455430822719495 -0 0 0 0.001
1.2943700704690975 2.2756076264523664 1.7669448533647518 -0 0 -0 0.001
2.2927738234494734 2.1774660434674233 1.2846853866761347 0 0 -0 0.001
1.4782849952617547 2.1187400888176384 1.4119737933005481 -0 0 -0 0.001
2.6531110188806704 2.1013106315027152 2.4417352221725275 0 0 0 0.001
1.2167901713883134 1.9898027415205743 2.1267957371304442 -0 -0 0 0.001
2.4036454728336873 1.9922197284244738 2.6869581164444587 0 -0 0 0.001
2.0282402493997447 1.2180342059296279 2.1417155485428978 0 -0 0 0.001
2.7743287067612497 2.0057393251957372 2.1848388347010195 0 0 0 0.001
2.4384108543705207 1.3384093380749134 1.9428635285853939 0 -0 -0 0.001
2.7134257586162844 2.3458285977750615 2.0787628144720136 0 0 0 0.001
2.6409642164944942 1.6196725836988464 1.7198908986911159 0 -0 -0 0.001
1.6691039233001861 1.5346464487958538 2.5577697554736689 -0 -0 0 0.001
2.0212175216422303 2.766823729902832 2.2194030309538331 0 0 0 0.001
1.2318850710203157 2.2034896470550991 1.9182107418730097 -0 0 -0 0.001
1.7578751464222084 2.6807974491046296 1.6562625416187708 -0 0 -0 0.001
2.1476915674570494 2.7814893328112693 1.9159506875434156 0 0 -0 0.001
2.3535276474567586 2.3806271870449263 1.3906292357393488 0 0 -0 0.001
2.2512269844054602 1.2648690891860002 2.1960503333330754 0 -0 0 0.001
2.0071899960553234 2.5047481100909814 1.3757586661705885 0 0 -0 0.001
1.3387787304477525 1.5625750071230442 2.1182080893047655 -0 -0 0 0.001
2.7180191366673681 1.9431469202438523 1.6484721499494155 0 -0 -0 0.001
1.8792737971110245 1.2414772268796748 2.2348227969369763 -0 -0 0 0.001
2.0426817492053124 1.4018032884860823 2.5366811966502034 0 -0 0 0.001
2.6949176516658677 2.3916084184389246 1.9020237307704755 0 0 -0 0.001
1.5232802058314747 1.535547356281219 1.5467264542011998 -0 -0 -0 0.001
1.3898049595663551 2.3380603107716103 2.3996176988796893 -0 0 0 0.001
2.6839321539923411 1.5955203833411669 1.8719714430059939 0 -0 -0 0.001
2.2697344963062762 1.5761215537447197 1.3702776174436768 0 -0 -0 0.001
2.6169754967802139 2.5192697697137749 1.9992030642274592 0 0 -0 0.001
1.4877943507918494 1.3770104772349485 1.9744816444737094 -0 -0 -0 0.001
1.6185624011811044 1.3858831415143578 1.6395497774387562 -0 -0 -0 0.001
2.3052779729139363 1.6774851443457366 2.6778508851339646 0 -0 0 0.001
1.3731650129529624 1.6549233450445366 2.3756161033868541 -0 -0 0 0.001
1.3416842494469738 2.1162055202579029 1.5414086846533097 -0 0 -0 0.001
1.4675554544279095 2.5878479986231646 1.8359724329565821 -0 0 -0 0.001
1.364062968075435 1.499526443029795 1.9650295006911622 -0 -0 -0 0.001
2.6444315460681009 1.7731744188778304 2.4392989744776425 0 -0 0 0.001
2.4312382173892138 1.6215344164034486 1.427818767949959 0 -0 -0 0.001
1.7967180821262543 2.4382261056683068 1.3453495773174571 -0 0 -0 0.001
2.0713775854594285 2.5217743539339699 2.6187313267286876 0 0 0 0.001
2.5661465429234331 1.6654266994149696 1.5243845478860947 0 -0 -0 0.001
1.2752343812068236 1.9847913488537288 1.6291017614997303 -0 -0 -0 0.001
1.4698457825131017 1.7000912597889748 1.4585159539971491 -0 -0 -0 0.001
2.6795276148953158 1.7493786224320846 1.6305007825576343 0 -0 -0 0.001
1.3425664110977351 2.2811475792643177 1.6068057282304187 -0 0 -0 0.001
1.3540988732975685 1.8866285733456136 1.5132949482726181 -0 -0 -0 0.001
2.8071390170843107 1.9511818510363519 1.8970941366253902 0 -0 -0 0.001
1.5796599990792584 1.44482658814026 2.4259109851623495 -0 -0 0 0.001
1.2559481701576074 2.1373947179323936 1.690128007265737 -0 0 -0 0.001
2.6878848656429706 1.5823030579357731 2.1435046393165051 0 -0 0 0.001
1.2179053658776973 1.8176082015529835 2.1508302719377301 -0 -0 0 0.001
1.5009038336669325 2.5525777127138731 1.6584397025624524 -0 0 -0 0.001
2.5639098375809168 2.4265482987127838 2.4143705114216267 0 0 0 0.001
1.7736559189810768 1.9072975967082582 2.7827211125622542 -0 -0 0 0.001
1.8334914162229334 2.6723154414198018 2.4372044863156024 -0 0 0 0.001
1.7119714743788477 2.3204407336828314 2.6976743064939113 -0 0 0 0.001
2.2385397839461185 2.3387904677580167 1.2905929950815771 0 0 -0 0.001
2.0797553847945203 2.2677707518092092 1.2262821897977534 0 0 -0 0.001
2.3495067338831559 1.9693716078761851 1.2569005782755989 0 -0 -0 0.001
1.5667106848930548 1.3588455375742468 2.2774629973416554 -0 -0 0 0.001
2.5327360466863862 2.5873942671328951 2.2195308468949122 0 0 0 0.001
2.0996477922645451 1.6938328595025425 2.7597905972060204 0 -0 0 0.001
1.2752969521119464 2.0428489419385678 2.3869553311733025 -0 0 0 0.001
2.2815207970300913 2.7228673549755893 1.7215214818268318 0 0 -0 0.001
1.8418745361714708 1.2464773801774398 1.7054833705963439 -0 -0 -0 0.001
2.1835410472138075 1.9335793057837158 2.8039037084540319 0 -0 0 0.001
2.304593699677199 2.3202278661242204 2.6990776017803864 0 0 0 0.001
2.0908367636305689 1.8711558871532421 1.1881635979931353 0 -0 -0 0.001
2.2064616078057275 1.4319436073712324 2.566309015816052 0 -0 0 0.001
1.3688619385997898 2.0860752061388572 2.5261236789894932 -0 0 0 0.001
1.4658335843194181 1.4478807431962366 1.6914389693673733 -0 -0 -0 0.001
1.7411891381307374 2.5697229450179959 2.5413110698898964 -0 0 0 0.001
2.1501263822663321 1.1855943256397148 2.0167370938292342 0 -0 0 0.001
2.4841520691344083 1.3352123172991193 2.1049380798497599 0 -0 0 0.001
1.783589309281961 2.2563852635562012 1.2389829570643571 -0 0 -0 0.001
1.5457429771560112 2.4853418329431958 1.5002819185682095 -0 0 -0 0.001
2.7941097063785536 2.0357941672583428 1.762455663353812 0 0 -0 0.001
2.0108969054110064 1.3296156615133803 1.5097065262248066 0 -0 -0 0.001
1.7676705762476315 2.4407272939314923 2.6652928166974776 -0 0 0 0.001
2.8241665463838888 1.9070944887973582 2.0643746824116795 0 -0 0 0.001
2.5993415058386566 2.378333017315466 1.5642737012025294 0 0 -0 0.001
2.5977029216622358 2.2365185796344966 1.4711571522109899 0 0 -0 0.001
1.4670475489336736 1.682924226042618 2.5564135642456218 -0 -0 0 0.001
1.5773404777504894 1.922503451805744 1.2830053960684027 -0 -0 -0 0.001
1.7953512443043476 2.6350656548569948 1.4968404993410731 -0 0 -0 0.001
1.1972916067933816 2.1633179726218206 2.1568319300851346 -0 0 0 0.001
2.308579939968487 1.4496265091808014 1.4538941949531972 0 -0 -0 0.001
1.8550673540536988 2.3283096111263357 2.7551476243480097 -0 0 0 0.001
2.5318662534108158 1.6630990645936037 2.5534191520689 0 -0 0 0.001
1.7681305548829191 1.6960002875767226 1.2542495828336788 -0 -0 -0 0.001
1.969815589701972 1.1640713822347659 1.9733826199328619 -0 -0 -0 0.001
2.555650009546913 2.138681687038555 2.6138972836805476 0 0 0 0.001
1.5065802478832697 2.1176813035223376 2.6665581206049209 -0 0 0 0.001
2.5121176656315742 1.7560249155889498 1.3835059265252407 0 -0 -0 0.001
1.8909675013899423 2.0060281883568578 2.8331613511316891 -0 0 0 0.001
1.2750785250367014 1.6735494693042676 1.7286360618523686 -0 -0 -0 0.001
2.7901708289149538 1.7467107577992582 2.1322673873562294 0 -0 0 0.001
2.610601270436383 1.4444023830830934 2.1594279542792716 0 -0 0 0.001
1.2529885182437321 2.3707363061056927 1.8909461987636833 -0 0 -0 0.001
1.4257034368944548 1.9503637343092799 2.6122280489247802 -0 -0 0 0.001
1.4139086595877262 1.9757761365471085 1.3933677633920016 -0 -0 -0 0.001
2.2399648016044793 2.6131570415258918 1.4736057407602883 0 0 -0 0.001
1.3737215903022553 1.564158685960281 1.6404309420603405 -0 -0 -0 0.001
1.7187671277183436 2.7880388580425315 2.1010030190290161 -0 0 0 0.001
2.0195040859479212 2.3827083731900625 2.7525663710984949 0 0 0 0.001
1.4039868435827199 1.4327876751606761 2.1878323422281944 -0 -0 0 0.001
2.0900422359227777 1.1729394957954224 1.8565511141824487 0 -0 -0 0.001
2.4221654729838202 2.4745772695956987 2.5590903780011818 0 0 0 0.001
2.5121039816159971 1.3892170603293199 2.2849251857904407 0 -0 0 0.001
1.9752972688744039 2.6621870796006251 2.525742509529707 -0 0 0 0.001
1.286174343498367 2.4289455657277887 2.1477550549795805 -0 0 0 0.001
1.3967665805897964 2.5941667957410246 2.000069377132172 -0 0 0 0.001
2.3030891588667961 2.6571643754079122 2.4415816631452314 0 0 0 0.001
2.3332444449878467 1.311655575274834 1.6358094053825587 0 -0 -0 0.001
1.9209748063866359 1.7408351712193488 1.1947498083689148 -0 -0 -0 0.001
2.3963459794553161 1.5404948483847105 2.5965871280455008 0 -0 0 0.001
2.4022927234360401 1.2922172709365574 2.244112367635331 0 -0 0 0.001
1.5341879496273112 2.2962259800768594 2.6452041752895754 -0 0 0 0.001
2.4215247015323631 2.7136167644009119 2.189741795352742 0 0 0 0.001
2.7179000496735588 2.2649039518889058 1.6297925835263127 0 0 -0 0.001
2.6454385594383294 2.4770824929104278 2.2848899789717718 0 0 0 0.001
1.7395278943619494 1.5455240980932996 1.3272958601942977 -0 -0 -0 0.001
2.3877273691745082 2.5331329535885816 1.4595997128960989 0 0 -0 0.001
1.6872691421311656 2.5435696629433289 1.4197209161782771 -0 0 -0 0.001
2.776308983302449 1.6471419026004059 1.9984700026832041 0 -0 -0 0.001
2.1615246825144467 1.2800074640819186 1.5724284914956765 0 -0 -0 0.001
1.7244400175639711 2.7964513398971076 1.8615821323250266 -0 0 -0 0.001
2.0646339248292844 2.7700316801100406 1.634178041498271 0 0 -0 0.001
2.435913067070512 2.6611240151690287 1.6780998459288643 0 0 -0 0.001
2.4316634774428856 1.2957523713115733 1.7812611451017248 0 -0 -0 0.001
2.5578703833163923 2.1059251065053028 1.360337523988485 0 0 -0 0.001
1.9730297588469525 1.4198986289846072 1.3706995910173161 -0 -0 -0 0.001
2.1755502883418032 1.687982762502009 1.2214416154344785 0 -0 -0 0.001
2.6015689833161071 1.3933484556703928 1.9375658466936891 0 -0 -0 0.001
1.3074155138480752 1.8110561524185163 2.4678729941846331 -0 -0 0 0.001
1.2431423227303511 1.7566254505350083 2.3209015208220531 -0 -0 0 0.001
2.4832249537932687 2.572514084844757 2.4204149749122821 0 0 0 0.001
2.3104944572371826 1.3605429026823415 2.4848191053974777 0 -0 0 0.001
1.9564924407726847 1.4430983133005952 2.6550265996373739 -0 -0 0 0.001
2.779816389576367 1.7170723887968689 1.7773299096131294 0 -0 -0 0.001
1.1407561655878649 2.0285723122429467 1.9737676240966817 -0 0 -0 0.001
2.0249802660489955 1.2121923436661295 2.347463843937545 0 -0 0 0.001
1.8967748329638887 1.8039554792075359 2.8337998116939516 -0 -0 0 0.001
1.8280939856624043 1.2565679248912365 2.4013845312574134 -0 -0 0 0.001
1.6806494929500031 2.3440365738925744 1.2741272296695194 -0 0 -0 0.001
2.5484672805462951 1.9211067310861822 2.6640641048822227 0 -0 0 0.001
1.8272699249540403 1.3814821980742384 1.4231017221633315 -0 -0 -0 0.001
2.5515668261862219 1.4459336457517131 1.6361316472388325 0 -0 -0 0.001
1.2132324174031424 1.658583893069524 1.8959604518831104 -0 -0 -0 0.001
2.7897214416909097 2.1031812234806804 2.338398815065418 0 0 0 0.001
1.4480697376612517 2.4801176966111167 2.4591252208076346 -0 0 0 0.001
1.7458393684518996 1.559498005907928 2.7011822359407942 -0 -0 0 0.001
1.9857972809880469 2.8452397247606243 1.8128350094251731 -0 0 -0 0.001
2.3952894949422676 2.7632747437447911 1.8947628077413312 0 0 -0 0.001
1.5832184651708183 2.6850165359000382 1.6690634929689345 -0 0 -0 0.001
1.7304902275582563 1.9531495863361135 1.1750363929801217 -0 -0 -0 0.001
2.6611681037019306 2.0072206375969284 2.5644983752027875 0 0 0 0.001
2.1011774170508875 2.7483299130174252 2.4274141537669127 0 0 0 0.001
1.3554744074618124 2.4485882433642128 1.6265498782776702 -0 0 -0 0.001
1.4397173969607389 2.3738116122601474 1.4481775860509538 -0 0 -0 0.001
1.5074731942397943 2.2632885358920136 1.3309082641320242 -0 0 -0 0.001
1.8369706265483643 2.11105291539356 1.1507893518246868 -0 0 -0 0.001
1.3902935682376798 1.402746771199149 1.8304681854866389 -0 -0 -0 0.001
1.341212304052958 2.4790454609504868 2.3040968526596348 -0 0 0 0.001
1.6994097757731603 2.7420790722392829 2.3407730760028631 -0 0 0 0.001
2.1551419585870963 2.1485187919738267 1.1541919044458933 0 0 -0 0.001
1.5917941384050796 2.4553107786467163 2.6203793487626768 -0 0 0 0.001
2.2789944144187286 2.8259794541799539 2.0222610456777197 0 0 0 0.001
1.8984151955282249 1.1510147500347709 1.8270018533671932 -0 -0 -0 0.001
1.9343347528442358 2.7929750401959277 2.3583130083521535 -0 0 0 0.001
2.0743284133156683 2.2492374501485384 2.8354177440192707 0 0 0 0.001
1.1443825473365705 1.9034648504633838 1.848397129506258 -0 -0 -0 0.001
1.5193140898483763 1.305687036518026 1.7727380182979229 -0 -0 -0 0.001
2.5167554383503838 2.7046545800885529 2.0411448565568722 0 0 0 0.001
1.5338458495665563 2.0843743970087631 1.2610610662302211 -0 0 -0 0.001
1.7845164024060522 1.1519792592135816 1.9678318755857334 -0 -0 -0 0.001
1.5408006790416293 1.7715438003672397 2.7106298137674476 -0 -0 0 0.001
1.5301112749853403 1.963247971165021 2.7390767698361875 -0 -0 0 0.001
2.7647295324664318 2.3683142278106568 2.2226320349167712 0 0 0 0.001
1.1939606528433166 1.6610042926604911 2.0693838705832586 -0 -0 0 0.001
2.1850949378211988 2.8451183035610832 2.147826329501874 0 0 0 0.001
2.1799399704479359 2.1031866729689339 2.8555931410974718 0 0 0 0.001
1.9176486670576964 2.7510947681998514 1.5492859533016166 -0 0 -0 0.001
2.1467758760939089 2.8331638385075619 1.7598346960599822 0 0 -0 0.001
2.0358359794171594 1.6040145956966128 1.21471006821205 0 -0 -0 0.001
1.5590863899458325 2.7199467421338075 2.2456506499045306 -0 0 0 0.001
2.1869462009015819 2.4054872992752441 2.7602917440731236 0 0 0 0.001
2.648562923421367 1.6044624462873267 2.4493102068119286 0 -0 0 0.001
1.9724474237503709 2.8806519709949532 2.0109633776715392 -0 0 0 0.001
1.1739490015070948 2.3027572958265816 2.0523814963448817 -0 0 0 0.001
2.1540853985672466 1.2744726510830802 2.4800532844753258 0 -0 0 0.001
1.3078509301415606 1.701926477465775 1.5381730577399315 -0 -0 -0 0.001
1.6979290227829313 1.177152145991756 2.1066415940886931 -0 -0 0 0.001
2.2219055788253987 1.7606362403317308 2.8236948965591897 0 -0 0 0.001
2.161500117977639 2.8145392465480166 2.3023467276867486 0 0 0 0.001
2.4446645697999672 2.1153502542061986 1.2441970177361052 0 0 -0 0.001
1.806715495897129 2.8631497369938779 1.9903932058055309 -0 0 -0 0.001
2.5142609233697142 2.4383219633074291 1.4281301487752218 0 0 -0 0.001
1.7106754652620846 1.2708021548429698 1.5888132755821498 -0 -0 -0 0.001
1.8320376507704186 1.6506116202115209 2.7983398613135972 -0 -0 0 0.001
2.7000786862544821 2.4638628934162163 1.717452916784576 0 0 -0 0.001
1.8822421070742212 1.1278641498979916 2.1099941089842642 -0 -0 0 0.001
1.160202024987917 2.0528475552998837 2.2787610853189899 -0 0 0 0.001
2.6572102329456313 2.326945161158771 2.5017080951659816 0 0 0 0.001
2.7505894738093919 1.6347948992305741 2.3064682652159023 0 -0 0 0.001
1.3005364396518322 1.5362889877539074 2.290853182445082 -0 -0 0 0.001
1.7172449771464133 2.0710150308618709 2.8404673731631336 -0 0 0 0.001
2.8606147403441446 2.2233399009139876 2.0197281911961826 0 0 0 0.001
1.8716233438888974 1.2558228965133043 1.5294840409284021 -0 -0 -0 0.001
2.8592786333586111 2.1513568873992308 2.1791194177441304 0 0 0 0.001
1.972812199184373 2.1331512978350484 2.8817041789295308 -0 0 0 0.001
1.6139521738314808 2.1890561373159327 2.7805183822611985 -0 0 0 0.001
1.5935060806365973 1.2142862455899839 1.8902109185508926 -0 -0 -0 0.001
1.8417215556227899 1.334383135186926 2.5738681748952161 -0 -0 0 0.001
2.8727204307170502 2.1390768732089862 1.8796146130528122 0 0 -0 0.001
2.8612226874181226 1.7825415050887092 1.9152623249783445 0 -0 -0 0.001
1.2476100536828572 2.4808395871926261 1.9909029780910341 -0 0 -0 0.001
2.4396952317810299 1.8252414555474246 1.2422713193470143 0 -0 -0 0.001
1.5749890693754194 1.5233307854194922 1.3726950677266805 -0 -0 -0 0.001
1.2007828561814287 2.2114536600505192 2.3387079438295415 -0 0 0 0.001
1.6205297097678897 1.3880191225376151 1.4676604023378239 -0 -0 -0 0.001
1.5447515166089012 2.7661806445406296 2.0799899407169087 -0 0 0 0.001
2.3597655805270858 1.1842869695710916 1.918397896531544 0 -0 -0 0.001
2.5799833951143736 2.6334084145074437 1.7448506020603067 0 0 -0 0.001
1.4919793522447644 1.7832071457250025 1.2913160371176353 -0 -0 -0 0.001
2.717648015442049 2.5202895240409058 2.1382175846093991 0 0 0 0.001
2.7569647577347309 2.0973817115324236 1.5296147750057016 0 0 -0 0.001
1.5548568765579867 2.4298600568933155 1.3464000648479373 -0 0 -0 0.001
1.6518131260393591 1.2182267099489099 1.7274410690354378 -0 -0 -0 0.001
1.6747353912247407 2.1122017765592727 1.1671413608948584 -0 0 -0 0.001
1.4779668899117762 2.7288233946720819 1.9333508849690286 -0 0 -0 0.001
1.4191894405317873 1.4138702202086062 2.3574805357500619 -0 -0 0 0.001
2.1500988962888354 1.1445718773100571 2.2370984568522023 0 -0 0 0.001
2.0658840638951559 1.8126431053103376 2.8803326772687416 0 -0 0 0.001
2.5729850943342911 1.9023322825158777 1.312822744565086 0 -0 -0 0.001
1.659764784064985 1.2800912195793726 2.4225377798078602 -0 -0 0 0.001
2.3347291346653507 2.0071433497859594 2.8397149719260835 0 0 0 0.001
2.3609107801218787 2.6903115672512952 1.5447811906436004 0 0 -0 0.001
2.1700957106142837 2.5155303328071716 1.277675958638167 0 0 -0 0.001
2.3303065804054239 2.1969481871706371 2.8190470409259607 0 0 0 0.001
1.8792981845764023 2.8773546033234259 2.1745234206242579 -0 0 0 0.001
1.9301460800629049 2.2743214442150488 1.1396949666450689 -0 0 -0 0.001
1.5207975795544579 1.2368500084227636 2.0695552381022013 -0 -0 0 0.001
2.8565625413477322 1.8613750087768406 1.7483863945178799 0 -0 -0 0.001
2.4438873438099029 1.3732529118722581 1.523663402477375 0 -0 -0 0.001
1.9753299736717778 1.2465216096667922 2.5029428588909202 -0 -0 0 0.001
2.3224591681646003 2.60936988001811 2.5882657217788849 0 0 0 0.001
2.3027060931207171 1.1818045884063215 1.7583215965654728 0 -0 -0 0.001
1.640329300820071 1.7957680066715536 1.1912090083051114 -0 -0 -0 0.001
1.335245265785707 2.2410526292909405 1.4290062242531132 -0 0 -0 0.001
1.7831393925877987 2.8316782962798057 1.7077297686765882 -0 0 -0 0.001
2.1509866093602596 1.1601875041598309 1.6925909907318173 0 -0 -0 0.001
2.1105028963549497 1.4304375488908345 2.7010526796075611 0 -0 0 0.001
2.3009612573166756 1.2305266861742967 2.3800920345608749 0 -0 0 0.001
2.2797203668892787 1.4926140495968756 2.703191498210229 0 -0 0 0.001
1.5579686759149247 2.6755542435371797 2.4160905703368121 -0 0 0 0.001
2.1818744415869857 2.6923797581814544 2.5616288418538522 0 0 0 0.001
1.5081663188925927 1.4990235794486564 2.5793202564945981 -0 -0 0 0.001
1.3749982982906583 2.2267528875383098 2.6206242362685166 -0 0 0 0.001
2.2133654040854274 1.4395222867964015 1.3149468640664139 0 -0 -0 0.001
1.1568695153243209 1.7957602877910297 1.7188459345728746 -0 -0 -0 0.001
1.1085971887552 1.811130015573748 2.019047269806836 -0 -0 0 0.001
1.861137439288556 2.5830609791682351 1.3100155505908164 -0 0 -0 0.001
2.4660121371481507 1.8525877975377649 2.7736761166669091 0 -0 0 0.001
1.2519822348195686 1.5110899632740289 1.8124906329765984 -0 -0 -0 0.001
1.9570763704389125 1.8937978805285944 1.0923249710627472 -0 -0 -0 0.001
2.7499373419455608 1.9232281160713016 1.4856600138733449 0 -0 -0 0.001
2.0302562472526082 2.4186531704561465 1.1859762208160598 0 0 -0 0.001
2.7819351730779318 1.9855626955733163 2.4770969472769999 0 -0 0 0.001
2.6741433800518006 1.4215957616124293 1.7849410509606305 0 -0 -0 0.001
2.6083479539433641 2.5505827640805148 1.5950127788885617 0 0 -0 0.001
2.0586524558638448 1.9853722971334313 2.9156536643125239 0 -0 0 0.001
2.4781210856497773 2.1240929553717014 2.7742448093267158 0 0 0 0.001
2.2871070690447488 1.1345045147959276 2.0913988764453908 0 -0 0 0.001
1.3723901952531563 1.7948209094861092 2.6355273697387815 -0 -0 0 0.001
1.1142149797918353 2.0547750448640074 1.7658768007453323 -0 0 -0 0.001
2.5621727091110582 1.5016288069770354 1.4750920444978748 0 -0 -0 0.001
1.1789574857441085 1.9011215260281134 2.3965317254121974 -0 -0 0 0.001
1.5937095191477151 1.2087631620489625 2.2287469148943995 -0 -0 0 0.001
2.8920023212515935 1.876815424407059 2.1850472417316502 0 -0 0 0.001
2.7517346773681126 1.4738374881494751 1.9534214409099862 0 -0 -0 0.001
2.6941897295307844 2.5855520756038755 1.8572310318605485 0 0 -0 0.001
1.8856502340429302 1.4973843440203454 1.2370974434176267 -0 -0 -0 0.001
1.2647573768184013 1.9545190774840893 2.5503658856663014 -0 -0 0 0.001
2.8379914172420992 2.3793594236712785 1.9641513866141738 0 0 -0 0.001
1.3439279248138409 1.8009259422074442 1.3820434099226806 -0 -0 -0 0.001
2.841027497245344 1.7835481263944413 2.3114436363080042 0 -0 0 0.001
2.4623731679166601 1.3141671529728502 2.4101945904319142 0 -0 0 0.001
1.4092225611759024 2.3909534540197734 2.5890171892508249 -0 0 0 0.001
2.8409311624293725 2.3217707205326077 1.8005978982043636 0 0 -0 0.001
1.2677015495564334 2.2617621752625752 2.4952413122383184 -0 0 0 0.001
2.4712520096259754 2.3624777976124105 2.7089540871008078 0 0 0 0.001
2.4650683728780778 1.6470585664510742 2.7194284391781136 0 -0 0 0.001
1.7062744206667106 1.7653037834905092 2.8454688214215422 -0 -0 0 0.001
1.4120664851867684 2.6441543367570466 2.3042397973144664 -0 0 0 0.001
1.5648805275926958 2.7920860363248612 1.8006009933078997 -0 0 -0 0.001
2.4834065777728864 2.2775047542421505 1.2609893501111364 0 0 -0 0.001
2.7032071786416814 1.8509102333896745 2.5869637395126959 0 -0 0 0.001
2.3111914841792296 2.0819426270275505 1.1307108812388962 0 0 -0 0.001
1.2885685245351557 2.5771255078458832 1.859045154977246 -0 0 -0 0.001
2.6057264663753883 1.4301739162889824 2.412810339482347 0 -0 0 0.001
2.8520406556858777 2.169233107035716 1.67751548364578 0 0 -0 0.001
2.6811302413310236 1.7841899531235939 1.4098148085122653 0 -0 -0 0.001
1.7618923896163774 2.2464954060670097 2.863090380390144 -0 0 0 0.001
1.5816693159702901 2.6649428397926256 1.501967597337839 -0 0 -0 0.001
2.7803211518440687 2.2186720423231092 2.4569643784074779 0 0 0 0.001
2.2199597984069088 2.7878766137443138 1.557770629957919 0 0 -0 0.001
1.6560004751941131 1.3637810337137029 2.5851826302870409 -0 -0 0 0.001
1.9840314837895097 2.6913098729257756 1.3757715497272676 -0 0 -0 0.001
1.8446750279354966 2.4292778800914299 1.1865392085017339 -0 0 -0 0.001
2.4460763435977797 1.6402005276299587 1.267234631288892 0 -0 -0 0.001
1.3976721818546758 2.6945413076906055 2.144055264965262 -0 0 0 0.001
1.1980225437784073 2.379530400043941 2.2807497703280579 -0 0 0 0.001
2.0162410877910504 1.1706781694734052 1.5759731007601112 0 -0 -0 0.001
1.8716362683270362 2.6444190639488356 2.6612437251205656 -0 0 0 0.001
2.3202778534070072 1.7395653648335774 1.1634632638067786 0 -0 -0 0.001
1.9994404785461846 2.1077689079829542 1.0711484366022135 -0 0 -0 0.001
1.3410494642356534 2.5906276265701274 1.6997472119038299 -0 0 -0 0.001
1.1292694314408376 2.2297160874530277 1.7497073304213502 -0 0 -0 0.001
2.609702801221955 2.2835095783879615 2.6514280732204787 0 0 0 0.001
2.1520908469114888 1.9996658095378668 1.0765093123428791 0 -0 -0 0.001
2.5909291443918261 1.7648005951163832 2.6889804906222503 0 -0 0 0.001
1.3726417923678382 1.5555593388256368 1.4650022277327333 -0 -0 -0 0.001
2.8154539585220433 1.8019775837996077 1.5883025473586512 0 -0 -0 0.001
2.5612624764332867 1.5008741423672873 2.562382972711871 0 -0 0 0.001
2.1399807566620388 2.9259175179330255 2.0040240333227963 0 0 0 0.001
2.4573545907895573 2.7307996729837614 2.3678119358006438 0 0 0 0.001
2.2723902280493427 1.2936310850254396 1.44855931037894 0 -0 -0 0.001
2.7587473262802211 2.3959588126931708 2.3855920506937798 0 0 0 0.001
1.7940418494454415 1.7996752084235317 1.1049647101578224 -0 -0 -0 0.001
1.6184478449401229 1.6277962582111705 2.7733339807813975 -0 -0 0 0.001
1.1682411634805949 1.6332924455786533 2.2328204070434459 -0 -0 0 0.001
2.0545717328743747 1.7284247234113226 1.1014725223185016 0 -0 -0 0.001
2.7063617019408253 1.5069460660582124 1.6276194029029547 0 -0 -0 0.001
2.1959206620359213 2.5843402187181832 2.7107974697214292 0 0 0 0.001
1.1980791886644868 1.830429443695917 1.5361787934301012 -0 -0 -0 0.001
1.3548501844392111 1.5111499529536616 2.4789595907050699 -0 -0 0 0.001
1.8670708972705494 2.4992448173526718 2.7869058057977201 -0 0 0 0.001
2.2817818287828633 2.8876811306181969 1.861953212777653 0 0 -0 0.001
1.9806988227024873 1.6509595259298058 2.8768588742472714 -0 -0 0 0.001
1.6123918439704972 1.6256388758683977 1.2250112182522925 -0 -0 -0 0.001
1.3139085859428026 1.3539553987969928 2.0148656308162165 -0 -0 0 0.001
2.1406472527293179 1.5433280923479378 2.8157597599087811 0 -0 0 0.001
1.305028347992478 1.664521455879767 2.5419039777254904 -0 -0 0 0.001
2.4336256919007111 1.4733143491966878 1.3491105152599361 0 -0 -0 0.001
2.2979214889225839 2.808342828065852 2.3864751408120108 0 0 0 0.001
2.0412817775955499 2.9292884815835452 2.1618113257404179 0 0 0 0.001
2.5751100988158324 2.4575836974371654 2.5960690362707739 0 0 0 0.001
1.1953723404424061 1.5044936347242315 1.9805451530700791 -0 -0 -0 0.001
2.3534356677380366 2.4925892813191903 2.7274463636843249 0 0 0 0.001
2.1080178852851406 1.304522215252248 1.3683713378455407 0 -0 -0 0.001
1.6344253329862817 1.9275502128874142 2.8705658062103199 -0 -0 0 0.001
2.9464815138797062 1.9976741991254885 1.9902579015149058 0 -0 -0 0.001
2.0327984216467847 2.5442317911084404 2.7751496701507055 0 0 0 0.001
2.3462037865478171 2.8594193888406894 2.1978012791957604 0 0 0 0.001
1.2775371454947417 2.0743260989923082 1.3875714654542737 -0 0 -0 0.001
2.3275635778747557 2.561244284564383 1.3083422288425379 0 0 -0 0.001
2.5775975488694627 2.7429253497841972 1.8816037115604802 0 0 -0 0.001
1.202693755734626 2.3973946108918827 1.6698902390630832 -0 0 -0 0.001
2.859016579933749 2.2592534160758144 2.3126729779820896 0 0 0 0.001
2.8872428893553757 1.9567305965989297 2.3391428152773872 0 -0 0 0.001
1.1741063602011812 2.0919185356239054 1.5361689383772015 -0 0 -0 0.001
2.2963204977133072 1.5602928646218841 1.2114789011814882 0 -0 -0 0.001
2.3225346118785626 1.9090813984914463 1.1097143069312052 0 -0 -0 0.001
1.070065016275743 2.1797773260713407 1.911678762253425 -0 0 -0 0.001
1.7006199002759073 2.7274570685256134 2.5340300324790617 -0 0 0 0.001
2.7226673497100045 1.6351529039789159 1.5015217098261671 0 -0 -0 0.001
1.0561458131169386 1.9471477453957047 2.1106243984979458 -0 -0 0 0.001
2.2942447519077906 2.267275052092196 1.1331145653938757 0 0 -0 0.001
1.9365468059963002 2.8863463672666247 1.6537379756165547 -0 0 -0 0.001
2.7030384374230607 2.0072268952373844 1.3572411483826696 0 0 -0 0.001
2.4397519986253475 1.3775786187918975 2.576811778305268 0 -0 0 0.001
1.573726448498677 2.2499910784553996 1.1805901750600798 -0 0 -0 0.001
1.8390102760020071 2.9274537372473843 1.8408790328158033 -0 0 -0 0.001
1.4077386569947563 2.5759431081571487 1.517862257933694 -0 0 -0 0.001
2.6756191121642505 2.6731694098942138 2.0528405560950684 0 0 0 0.001
1.4528008206625507 1.6189060462776912 1.3132216103618997 -0 -0 -0 0.001
1.4199227213402585 1.2458845593676535 1.9073277490124525 -0 -0 -0 0.001
2.57157766189819 1.2450037683944228 1.8711487372783038 0 -0 -0 0.001
1.5696336962381348 2.6202721977212486 2.5861381452372783 -0 0 0 0.001
1.7326256534851174 1.099771323213377 1.8165270297805987 -0 -0 -0 0.001
1.8952970668123859 1.4845766236046574 2.8020800890870436 -0 -0 0 0.001
1.7549880387474261 2.7941440362263075 1.5213049563718732 -0 0 -0 0.001
2.0624794577868326 1.4353469092107778 1.228215258682624 0 -0 -0 0.001
1.7776625297715405 1.0954634772534075 2.2267550545662411 -0 -0 0 0.001
1.0542866869579979 2.1295666385468337 2.085419189779901 -0 0 0 0.001
2.8108787497580461 1.5386898527632562 1.7808595075773566 0 -0 -0 0.001
1.1146086623357392 1.9482066786835472 1.6306948673934358 -0 -0 -0 0.001
1.929718329637532 2.3063029263683146 2.9081164025026709 -0 0 0 0.001
2.4527714452173401 2.8078018324166329 1.7457479712868003 0 0 -0 0.001
2.0195737679000536 2.5832285687579715 1.2346176003616409 0 0 -0 0.001
2.6048214185525769 1.6242441099576692 1.3561173455284976 0 -0 -0 0.001
1.1902472405351179 2.26347022208585 1.550311093999708 -0 0 -0 0.001
2.7620724013462468 1.4234533586308031 2.1100862047454196 0 -0 0 0.001
1.7198948237716987 2.8866236295671106 2.2445403661956411 -0 0 0 0.001
2.809075367766797 1.7654504907098807 2.4691442532483245 0 -0 0 0.001
1.1835137023405136 2.111720938151108 2.4958102157478939 -0 0 0 0.001
2.8493644396751447 1.5786465397857814 2.1721178613875516 0 -0 0 0.001
2.7337793944590452 2.1538927856850103 2.6084360643041999 0 0 0 0.001
2.236671515673371 1.0723709832572217 1.8916324132877176 0 -0 -0 0.001
2.4970688791723896 1.1740814328127509 2.0140998772567236 0 -0 0 0.001
1.2556702258954362 2.6028947731573857 2.1085716403591861 -0 0 0 0.001
2.6395720128611297 1.2808805344494711 2.0706653714346595 0 -0 0 0.001
1.4111018842224443 1.9388189633767743 1.2344165235476634 -0 -0 -0 0.001
2.6294547129029575 2.3385516556097867 1.350896388112993 0 0 -0 0.001
2.4448089383949769 2.8565378502016285 2.039683995989253 0 0 0 0.001
1.296893164170543 1.4254701067001663 1.6674813398947184 -0 -0 -0 0.001
2.0377797290344444 1.0445724373729444 2.14356848566467 0 -0 0 0.001
2.1785042250031883 2.7012406972519631 1.3566511252730453 0 0 -0 0.001
1.2103668002578778 1.4632426799656861 2.1541654130817962 -0 -0 0 0.001
1.382146069811423 2.1623267267146207 1.2694696734204893 -0 0 -0 0.001
1.3402361670404379 2.0699541848325675 2.7041926152959488 -0 0 0 0.001
1.646271632327424 2.4326882015990661 2.7906802753077282 -0 0 0 0.001
2.0713519360280546 2.8064089329425421 1.4657554650318272 0 0 -0 0.001
1.6932814679772046 2.5310673891800439 1.2462873816988105 -0 0 -0 0.001
1.7589271035168812 1.3937213314829857 2.7188659724930053 -0 -0 0 0.001
1.4595904604329406 1.6078050956793533 2.7038130272440304 -0 -0 0 0.001
2.050119019545031 2.6937764448415216 2.6768013691606738 0 0 0 0.001
2.5012941583671484 1.9748653804943774 1.1692903364546143 0 -0 -0 0.001
2.0757480024529089 1.0328292516641846 1.9646484186577828 0 -0 -0 0.001
2.8975769556172346 1.9965089550573922 1.6312007310484324 0 -0 -0 0.001
2.8002352283210787 2.5508765573919305 1.9857201157694091 0 0 -0 0.001
2.2019725464729878 2.4109060655032213 1.1408546944910873 0 0 -0 0.001
2.5924832038813141 1.2904134499946522 1.7014491933400047 0 -0 -0 0.001
1.407475667063022 2.7354479404968535 1.7643888555826293 -0 0 -0 0.001
1.9018793040696136 1.0988634783185793 2.3555741786245021 -0 -0 0 0.001
2.7694820572533909 2.2745015469788683 1.4717919149517991 0 0 -0 0.001
2.3095312598900422 1.5941908792220425 2.832650043889489 0 -0 0 0.001
2.4291780694656695 2.4361928607757735 1.2412287054372557 0 0 -0 0.001
1.9976162985486954 1.0656981763679618 1.7244346998976456 -0 -0 -0 0.001
1.2466890330081561 2.4278643902494239 2.4444329445597353 -0 0 0 0.001
1.5249007026253996 1.2543261430551649 1.5876326981250202 -0 -0 -0 0.001
1.5379591497793774 2.0859716670870685 2.8549823846603219 -0 0 0 0.001
2.3421745414202633 1.122220517315252 2.2570491871971763 0 -0 0 0.001
2.2138649256160994 2.2672072090274358 2.9164229740349361 0 0 0 0.001
2.9634080754406811 2.0247676380246045 2.1607627693564737 0 0 0 0.001
2.0114318438074137 1.2864910464502113 2.6697493611629266 0 -0 0 0.001
1.8141192156475794 1.8959156419759282 2.9553376684706403 -0 -0 0 0.001
1.8320818241481642 1.9996365519204706 1.0344656775811183 -0 -0 -0 0.001
1.0652577344916048 1.7380887302526395 1.8792379068821741 -0 -0 -0 0.001
2.3850301897904869 1.7424748949507216 2.8651330590437043 0 -0 0 0.001
2.2350310250596039 1.8912112456538854 2.9466747581743835 0 -0 0 0.001
2.7556025629927157 2.4345806013591824 1.5551424297336469 0 0 -0 0.001
2.9612290478595389 1.9879493747851964 1.8160535424135418 0 -0 -0 0.001
1.5636674238776753 1.9710315308861319 1.1202455485429252 -0 -0 -0 0.001
2.68926391914786 2.6415551057503905 2.2734588934940314 0 0 0 0.001
2.1892200177999945 1.8253192602404091 1.0530513107702606 0 -0 -0 0.001
1.704489144731109 2.6002071676054679 2.7166112901122377 -0 0 0 0.001
1.0806554994119537 2.2700143662992565 2.2071649706365659 -0 0 0 0.001
2.5033141273986583 1.1764387311500812 2.1804012952931351 0 -0 0 0.001
2.0794998351629657 2.2746778252526902 1.058716675067094 0 0 -0 0.001
2.579240495354822 2.7672966199248101 2.2018243239148712 0 0 0 0.001
2.8364820942315077 1.6368791192042438 1.6372836342866197 0 -0 -0 0.001
2.6382278340539624 2.0497175777169652 2.7492371554540882 0 0 0 0.001
2.695297237384616 1.6517963471124841 2.6055292119648605 0 -0 0 0.001
2.7085203174715429 2.1783211530447733 1.3423142018503236 0 0 -0 0.001
2.037116924972032 2.9214682247803427 2.3419145934462415 0 0 0 0.001
1.729034501757593 2.693139931185601 1.3528215534821397 -0 0 -0 0.001
1.7501137491971748 1.3791556426065865 1.2767294415197978 -0 -0 -0 0.001
1.8221889152460533 2.843500167471082 2.4751951286042848 -0 0 0 0.001
2.283364521379978 1.1585723111450301 1.5746774939218637 0 -0 -0 0.001
1.1895541589354075 1.6237592049453877 2.4147215976418548 -0 -0 0 0.001
1.0599275242283082 1.7686089827949634 2.1838006170651707 -0 -0 0 0.001
2.2252274763381932 1.2886159720594426 2.6480579362107064 0 -0 0 0.001
2.1686088499625948 1.117611703699698 2.4104931628065338 0 -0 0 0.001
1.6909831964991362 1.1369550024223272 2.3668055157184851 -0 -0 0 0.001
1.72015235331706 1.2466349095539213 1.425821325534145 -0 -0 -0 0.001
1.4911056808508731 1.3331807352596412 2.521883278288565 -0 -0 0 0.001
1.2797796151812273 2.429183792765869 1.4735781648149811 -0 0 -0 0.001
1.3467746689924285 1.2801032637746728 2.1777077826860727 -0 -0 0 0.001
2.492858420629994 2.6414030743779047 2.5701700483367249 0 0 0 0.001
1.7479604998538001 2.2546541395635438 1.0751614651355257 -0 0 -0 0.001
1.9981721131582268 2.8320393054141775 2.5348947417693268 -0 0 0 0.001
2.2997457652608095 2.8881092371612853 1.6813857891086801 0 0 -0 0.001
1.6136826385207839 2.9083203144196852 1.9227936988637944 -0 0 -0 0.001
1.2016635718516673 1.5647453415916444 1.6050759899963503 -0 -0 -0 0.001
2.6902545998986387 2.5225320936033491 2.4840203802395955 0 0 0 0.001
2.8410832739669374 2.4890233545248832 1.812990984234758 0 0 -0 0.001
2.3519046845784017 2.3656758198250545 2.8539394075351101 0 0 0 0.001
1.615265795920358 2.9082155105086969 2.0990453058076701 -0 0 0 0.001
1.4396935681250482 2.2419771971737261 2.7814559068649523 -0 0 0 0.001
2.9344817504883034 1.6680650229478295 2.0369571970097313 0 -0 0 0.001
2.8772974134099072 2.4498738797581487 2.1182411669526071 0 0 0 0.001
1.4223380687454172 1.8534677271443081 2.7943883753068146 -0 -0 0 0.001
2.9382256601493988 2.2900802736824635 2.1523868740326533 0 0 0 0.001
1.3810472576837132 1.2824193116974665 1.6995714153587616 -0 -0 -0 0.001
2.5068217964628032 2.6344365146215094 1.4260313560961213 0 0 -0 0.001
2.7646030324779183 1.4938894083266092 2.388580246842229 0 -0 0 0.001
2.4613126413360176 1.2052358448612011 1.6215461722259419 0 -0 -0 0.001
1.5406237962766949 2.5938408279484455 1.3433408066249486 -0 0 -0 0.001
2.0837147424724436 2.417223265332034 2.9013399594702123 0 0 0 0.001
2.0267571346711875 2.9893452699752174 1.8893862892808664 0 0 -0 0.001
1.9072737706710423 1.6088982216604151 1.0871528544708258 -0 -0 -0 0.001
1.1115291232355116 1.6180601556889693 1.7575448522758053 -0 -0 -0 0.001
1.7955722932399198 1.1072097865691308 1.6069056404477906 -0 -0 -0 0.001
1.8285058122938103 2.0784419534691412 2.9804716629333163 -0 0 0 0.001
1.6207244067363276 2.8433218504273143 1.6230971511155019 -0 0 -0 0.001
1.61377175545749 1.0801169224129303 1.9896844010563501 -0 -0 -0 0.001
1.3344748669609749 2.5907323722426741 2.4495525758363184 -0 0 0 0.001
1.0998738194419686 2.3919701710295724 1.8154113530669125 -0 0 -0 0.001
1.4814281413260408 1.2325894072577719 2.3741480762583 -0 -0 0 0.001
2.6901569868308925 1.3288678892825714 2.270675125367057 0 -0 0 0.001
1.046112631685268 1.9283128222181234 2.2869191219404108 -0 -0 0 0.001
1.1224386921194234 2.4609048333854693 2.125736550796701 -0 0 0 0.001
