1000
1.9800851530765171 1.9945224694090942 1.9231308659212432 -0 -0 -0 0.01
1.985895581239717 1.9143556744856758 2.0742557114518498 -0 -0 0 0.01
2.0370862054940231 2.1243960028478202 1.962173819451476 0 0 -0 0.01
2.0133665986966975 2.0839081705140208 2.126465469988569 0 0 0 0.01
1.8550147273387545 2.0236585122496162 2.0741339734461985 -0 0 0 0.01
2.0991998833341623 1.8971408841372353 1.8960972489508836 0 -0 -0 0.01
2.1728653190390639 2.0254152558651968 1.9367757922717324 0 0 -0 0.01
1.8936986823223139 1.8724127510329649 1.8961716639591975 -0 -0 -0 0.01
2.1543251583226084 1.8795142975891814 2.0551530074181934 0 -0 0 0.01
2.0246261785431874 1.7909071574354372 1.9788166298092842 0 -0 -0 0.01
1.8006162236028198 2.0143831878265974 1.9125398198291199 -0 0 -0 0.01
1.8668244383708135 2.1814119081487817 2.0000577854311379 -0 0 0 0.01
2.1788820958766606 2.0038870405225646 2.1473447430803723 0 0 0 0.01
2.0562928308751225 1.941423571020797 2.224121444475688 0 -0 0 0.01
2.1117785867273113 2.2086027346151433 2.0571185556641765 0 0 0 0.01
1.9305115006698526 2.0215054384294469 1.7610174238128069 -0 0 -0 0.01
1.8477177178109425 1.8035417691551248 2.0503918849904266 -0 -0 0 0.01
2.2166708968294238 2.1350962122899633 2.0414343106378996 0 0 0 0.01
1.9135678948232711 2.1820205586723738 1.82972575710838 -0 0 -0 0.01
1.8714786266500252 2.0791987402348804 2.2233579222238662 -0 0 0 0.01
2.0502795085719154 2.1512817224530902 1.7780690568988129 0 0 -0 0.01
2.0191449059236604 1.8842235272937478 1.7466611011359841 0 -0 -0 0.01
1.8517897403531862 1.907190191321037 2.2210689941401425 -0 -0 0 0.01
2.1473766172231841 2.0140285879971156 1.7547105010127797 0 0 -0 0.01
2.0171402500330875 2.2764809739741727 1.9159156435316007 0 0 -0 0.01
1.7373395458403487 1.9166116739017398 2.0994743772739679 -0 -0 0 0.01
2.0942601308453672 1.783377831952661 2.180757835515009 0 -0 0 0.01
2.208152490778823 2.1628553057658784 1.8568062464651491 0 0 -0 0.01
2.2859472391814442 1.9007909756122221 1.9690715697528627 0 -0 -0 0.01
1.9462018231836113 2.2990726760602329 2.0540274884819305 -0 0 0 0.01
2.0295492324882396 2.2083389208862818 2.2322689427953128 0 0 0 0.01
1.7848137562160571 2.0798960311718235 1.7838384849196012 -0 0 -0 0.01
2.021608073313117 2.0752408697030265 2.310594791817512 0 0 0 0.01
1.9335501606551833 1.7354810520349164 1.8270526794886117 -0 -0 -0 0.01
2.1149249451952974 1.7654743109054434 1.8046171746118158 0 -0 -0 0.01
2.168308490942668 2.1502208522888919 2.2397361085016203 0 0 0 0.01
2.2039822962983497 1.7493996869134059 1.9271890789784145 0 -0 -0 0.01
1.7235138898982716 1.8252398447837546 1.9343037953447522 -0 -0 -0 0.01
2.2610064336826734 1.9164068727711665 1.8035617585443999 0 -0 -0 0.01
1.7582246719364258 1.9000189448644413 1.7821145662894926 -0 -0 -0 0.01
2.2204018286164917 1.8957624859658455 2.2411959020051548 0 -0 0 0.01
1.7113422504492699 2.1887295539613731 2.0029525681458296 -0 0 0 0.01
1.6872591815459153 2.0822293663191029 2.1280092666006807 -0 0 0 0.01
1.7768294035875338 2.2032435677213691 2.1801520510350989 -0 0 0 0.01
2.340319337988201 2.0064495883919471 2.0933211328956145 0 0 0 0.01
1.9093034144038621 1.6556632890322085 2.0101293152105542 -0 -0 0 0.01
1.8362120525010726 1.7477453248564019 2.194878246334373 -0 -0 0 0.01
2.1877614937601395 2.3030166201693394 1.9442553761677799 0 0 -0 0.01
1.7600197482941236 2.2334077794029357 1.858601545158556 -0 0 -0 0.01
2.0324305647511736 2.0080904014416836 1.6334035065105419 0 0 -0 0.01
2.0694537238290458 1.6494886450544151 2.0907913781489311 0 -0 0 0.01
1.9851488975989227 1.8588366112838484 2.344033599542497 -0 -0 0 0.01
1.8676430395467878 1.8615201122026375 1.6769154730249203 -0 -0 -0 0.01
1.9931869853680975 1.73083604629435 2.2624734507021182 -0 -0 0 0.01
2.0176229710332256 2.2900818865353072 1.758136733647151 0 0 -0 0.01
2.0700708417234375 1.6334837941459084 1.9217341547005649 0 -0 -0 0.01
2.2272113630643644 1.7025538111933693 2.0791708340704447 0 -0 0 0.01
2.3222834457241914 1.8251653753135453 2.1159803084515945 0 -0 0 0.01
1.6183108507080837 1.9414556453263976 1.9886040064526918 -0 -0 -0 0.01
2.3273188819696933 2.208981751011994 1.9842490693127106 0 0 -0 0.01
2.2239510584663731 2.2879164676389641 2.1440302096138248 0 0 0 0.01
1.9242222937719275 2.1364760528908509 1.637292815977341 -0 0 -0 0.01
2.1382068990380096 1.9479789692863316 2.3689811531482419 0 -0 0 0.01
1.7692876918122167 2.3218143098021189 2.0403270994245934 -0 0 0 0.01
1.6258609047232451 2.0772125435378732 1.8835563739862242 -0 0 -0 0.01
1.8774405461842572 2.3298990917063116 2.1973252477362037 -0 0 0 0.01
1.8946656127029209 2.2243179324637663 2.3220351280258886 -0 0 0 0.01
2.2705311801818668 2.0240192466787899 2.3033475457826214 0 0 0 0.01
2.1778672041421792 1.8510122896180425 1.6618557997052839 0 -0 -0 0.01
1.7066684159276022 1.7296666613819203 2.0920700633700258 -0 -0 0 0.01
1.8643703578559976 2.3841460478386081 1.9388434539988737 -0 0 -0 0.01
1.7658296650020773 1.6638776709672167 1.9392273131078523 -0 -0 -0 0.01
1.884990198362801 2.0723101143458402 2.3954329695473007 -0 0 0 0.01
1.8089900319516474 2.014946596052662 1.6268757165541561 -0 0 -0 0.01
1.6819641347018632 1.9955720963787376 2.2741618530205141 -0 -0 0 0.01
1.955480066568269 1.6143471581442559 2.1638738435736498 -0 -0 0 0.01
2.4188198653072677 1.984787749942988 1.9462633829913207 0 -0 -0 0.01
2.0934647435566776 2.2249816435565228 2.3516555871762317 0 0 0 0.01
2.1381467303674753 2.1969588937482865 1.6464993170267375 0 0 -0 0.01
1.8497023183700072 1.9209371262283783 2.3952876519001904 -0 -0 0 0.01
2.3206573687138956 2.0634950579054387 1.7195141803992544 0 0 -0 0.01
2.09557010792587 2.3942057786532587 2.1531341233149495 0 0 0 0.01
1.7547690754148333 2.1430740393286944 2.3305134642554437 -0 0 0 0.01
1.9919601434599403 1.750502016185876 1.6391507197870872 -0 -0 -0 0.01
2.0642061821555617 2.4322310720293125 1.974463093008618 0 0 -0 0.01
1.7867040188366277 1.7180257694282921 1.7362824042114906 -0 -0 -0 0.01
2.3507699972996248 2.209846568444676 2.1662869731633214 0 0 0 0.01
1.8648693109832748 2.3330654280578993 1.7415045622267127 -0 0 -0 0.01
1.6445233314910395 1.8365932680790515 2.2095384994421603 -0 -0 0 0.01
2.0274709050194732 1.6211941630108977 1.7620456706970606 0 -0 -0 0.01
2.2832965312383164 1.7376022682256456 1.7710701445339285 0 -0 -0 0.01
1.6352661816288336 2.0406767833326032 1.740244732183613 -0 0 -0 0.01
2.3901067041688631 1.8327420686210862 1.8475746923002154 0 -0 -0 0.01
2.1827742877102252 1.7688522344735242 2.3444722170877035 0 -0 0 0.01
2.186040094976033 2.2798716827661281 2.3087465271121368 0 0 0 0.01
2.2850849062980281 2.2126363773700573 1.7152479041277469 0 0 -0 0.01
2.3979416435264103 2.1617245702263501 1.8453044183129206 0 0 -0 0.01
2.1575256199241259 1.6454487216549989 2.2453888205475101 0 -0 0 0.01
2.1676776547943737 2.0916138607458659 2.421843456632347 0 0 0 0.01
2.3910751781477932 1.7545854869983557 2.0043993365154908 0 -0 0 0.01
2.2027697580036723 2.0544003128394368 1.5849476395029078 0 0 -0 0.01
2.3944048293013305 1.935684699130906 2.2381889113051248 0 -0 0 0.01
1.5546287303335251 1.984084776424355 2.1358071896216888 -0 -0 0 0.01
1.8469069747314313 1.7601010953145131 2.3724805914403562 -0 -0 0 0.01
1.9936483976031476 2.4469068406704202 1.8560958087090451 -0 0 -0 0.01
1.7314620289434697 2.2041597091269285 1.6703402622841925 -0 0 -0 0.01
1.5960068175464142 1.8613687440233142 1.7970880349395801 -0 -0 -0 0.01
2.4594570384352568 2.1047667292000858 2.0441939737182353 0 0 0 0.01
1.8995363249987967 1.5443191452253369 1.9030041556136634 -0 -0 -0 0.01
2.1148703410222551 1.9275799578574035 1.5398005064375497 0 -0 -0 0.01
2.1963565800172415 1.5957236981114957 1.8318041340942623 0 -0 -0 0.01
2.3166242125927634 2.324032505382748 1.8437789619375717 0 0 -0 0.01
2.3188625412614137 2.1816207456950298 2.3138214662173962 0 0 0 0.01
1.9385771331716579 1.9014955735127412 1.5281314880148869 -0 -0 -0 0.01
2.0354822237340295 2.3809482805901987 2.3008426822565751 0 0 0 0.01
1.6098953985390549 2.2337779284507082 2.1708551706840162 -0 0 0 0.01
1.7135212743124899 1.8523336317983563 2.36572956623474 -0 -0 0 0.01
1.9828584692285509 2.4762688805615833 2.11166654785956 -0 0 0 0.01
2.3338329745332183 2.3575073426462061 2.0178941086249762 0 0 0 0.01
1.5404744228059579 2.1712392500068862 2.0040500163911483 -0 0 0 0.01
2.0162215210989225 1.9873443992571911 2.494829593731426 0 -0 0 0.01
2.3278382968712417 1.9060896379631029 1.6409529327653243 0 -0 -0 0.01
1.5476508008878824 1.802574827848139 2.0273407382731938 -0 -0 0 0.01
2.3155945624132981 1.620638148739638 1.9414514345064484 0 -0 -0 0.01
1.61046633815054 2.268637200470391 1.8465724036475837 -0 0 -0 0.01
1.5985194480771545 1.7298064467852945 1.8774257117990747 -0 -0 -0 0.01
2.1600956721227873 1.6762675927767634 1.649503233736465 0 -0 -0 0.01
1.874140908963319 2.289136605057315 1.6086621150064246 -0 0 -0 0.01
2.1497502022258512 2.4344625113106098 1.7959413897218766 0 0 -0 0.01
1.8021543682752101 1.5750443246033088 2.1855537261788451 -0 -0 0 0.01
2.0350712120052203 2.2391693315238252 1.5544202132929259 0 0 -0 0.01
2.2540616789791663 1.8967293552671898 2.4283690317344697 0 -0 0 0.01
1.7201928834124887 2.3780781939212186 2.1958006495324502 -0 0 0 0.01
1.7543906250325003 1.8810628474221067 1.5666138445048341 -0 -0 -0 0.01
1.9738350371894848 2.134667287924894 2.4956370187278027 -0 0 0 0.01
2.4821626679199387 1.8657286532365771 2.1053317035750694 0 -0 0 0.01
2.1931018962404862 2.4722329895365664 2.0614038794164653 0 0 0 0.01
2.337568745264075 1.7314999866584424 2.2809658196710814 0 -0 0 0.01
2.0794040992266134 1.6746883563562953 2.3933840850979222 0 -0 0 0.01
1.722907791162932 1.6822406933314444 2.2989984256451241 -0 -0 0 0.01
1.4935906020429641 1.9693238743163854 1.8975129727604494 -0 -0 -0 0.01
2.0972905928969534 1.8156582911963399 2.4778616229499524 0 -0 0 0.01
1.7341401503106033 2.305627253556302 2.3305693432736581 -0 0 0 0.01
2.0913032392538762 2.3586236561260554 1.631481629064405 0 0 -0 0.01
1.9030667677693078 1.4876620311020821 2.0465457219670591 -0 -0 0 0.01
2.042129601570144 1.4767789153519539 2.010421944428515 0 -0 0 0.01
1.7146764311478631 2.4048450567524231 1.8246482193612099 -0 0 -0 0.01
1.6173893530255525 1.9188933024426391 1.6451559857562716 -0 -0 -0 0.01
2.0899962828180785 1.7798326314869353 1.5246425028919943 0 -0 -0 0.01
2.486797903960777 2.0667389641870724 2.1959758188508109 0 0 0 0.01
1.9965584362902609 2.0821033632998596 1.4734550120810006 -0 0 -0 0.01
2.1535495539021068 1.5083753242441995 2.1319240578657372 0 -0 0 0.01
1.6319107099125243 2.3840652216905864 1.975781298189659 -0 0 -0 0.01
1.8671171343167274 2.4134515351941488 2.3148439667682021 -0 0 0 0.01
2.262327421505113 2.4538580963793626 1.895179618152536 0 0 -0 0.01
1.9025533040113747 1.5422432208050867 1.7335721536947355 -0 -0 -0 0.01
2.3123208974972815 1.5957281404358512 2.1662266231354779 0 -0 0 0.01
2.0501271596392141 1.4884783860279691 1.8338014411259054 0 -0 -0 0.01
1.7212041649912782 1.5386465410935934 2.0228598079935862 -0 -0 0 0.01
1.7133733875327855 2.0555522731304117 2.4574914408211619 -0 0 0 0.01
1.8328150528552021 2.2055859342021797 2.476312000266975 -0 0 0 0.01
1.6043663674338311 1.6293825306545466 2.0200817530449631 -0 -0 0 0.01
1.6936339743905755 1.595080592389692 1.8012922312699597 -0 -0 -0 0.01
2.2152195236987553 1.4997272863724755 1.9619906458770531 0 -0 -0 0.01
1.6140922632653296 2.1819840158158694 2.3431739839184358 -0 0 0 0.01
1.8688270680950294 1.9991793005933922 2.534365992635716 -0 -0 0 0.01
1.9107725141772063 1.5910854264882932 2.3548431153129035 -0 -0 0 0.01
1.8511692044154708 2.488934171515333 2.2068817770344431 -0 0 0 0.01
2.4640587261942768 2.2889494807804076 2.0623044619541306 0 0 0 0.01
1.9062610603001353 1.6303840568310506 1.5964851467492618 -0 -0 -0 0.01
2.4357949410437247 1.6908252842598628 2.1405614266774058 0 -0 0 0.01
1.5087978031164073 2.1050920860976947 2.2332100111168702 -0 0 0 0.01
2.4216363273097308 2.0416296539397454 2.3601924639340321 0 0 0 0.01
1.9480594498334005 2.5523068256471162 1.9568468518864846 -0 0 -0 0.01
1.7751626313328033 1.7235218004478803 1.5676754842238825 -0 -0 -0 0.01
1.66580340277517 2.0858571858257151 1.5593127507834521 -0 0 -0 0.01
2.2525809501603096 2.3864444164967717 1.6848589578489666 0 0 -0 0.01
1.9555725091842122 2.3378145228880083 2.4493963707815558 -0 0 0 0.01
1.8375980223806669 2.0784114753084864 1.4656721581077099 -0 0 -0 0.01
2.4849686180206843 2.0135417197474155 1.7157999781686515 0 0 -0 0.01
2.3263750239834344 2.4225341716926052 2.1829885746936246 0 0 0 0.01
1.5135695640447107 1.9267431182603547 2.2760826923052564 -0 -0 0 0.01
2.1391670557799363 2.51103114539558 2.2030899520124603 0 0 0 0.01
1.4364264203389308 2.0001061560784801 2.0464823132493124 -0 0 0 0.01
1.5548015451056603 2.1882731731487257 1.7024468164174322 -0 0 -0 0.01
1.9486387576742481 1.7219740816145785 2.4948865349143059 -0 -0 0 0.01
2.4370754114150137 2.1834520496609682 1.6847358801951549 0 0 -0 0.01
1.653280702153078 1.5803752357170604 2.1692610926959772 -0 -0 0 0.01
1.6199293278689528 1.7374261883477717 1.6603409801625344 -0 -0 -0 0.01
2.250170309986073 2.2199729262188983 2.4696359447506255 0 0 0 0.01
2.2690827061180583 1.8577838515715588 1.5104719125913544 0 -0 -0 0.01
1.9422619717084815 2.4776710879408048 1.6856891560085374 -0 0 -0 0.01
2.4728435951980341 1.8435704763064642 1.7102264979627877 0 -0 -0 0.01
2.538934740405085 1.8083355403166148 1.9314236087944776 0 -0 -0 0.01
2.1514545989270699 2.1676005294786891 1.4663110888903219 0 0 -0 0.01
2.476705940498745 1.8121239458212604 2.2686864905094741 0 -0 0 0.01
2.5774527708359765 1.9784054997538791 2.0301796512326691 0 -0 0 0.01
2.0698599691069308 1.523534358262868 2.3247327952498602 0 -0 0 0.01
1.8597121954854032 2.5362655339764006 1.8240425052828506 -0 0 -0 0.01
2.3282014185338609 2.0410280127178289 2.4824026583687515 0 0 0 0.01
2.5623020289266907 1.9613919709553174 1.8518774869231871 0 -0 -0 0.01
1.9580845522319865 1.456832012113833 2.2118143060508908 -0 -0 0 0.01
2.1868180403417345 2.3158924422060236 1.5430072763254763 0 0 -0 0.01
2.1992877014591525 1.9656389168576736 2.5535253247922323 0 -0 0 0.01
1.7058085127757661 2.3551284200710363 1.6356857338353765 -0 0 -0 0.01
1.4548300928585616 2.0887066815356676 1.7988481734668782 -0 0 -0 0.01
1.5707072224883052 2.0156565667122921 2.4046556089397795 -0 0 0 0.01
2.3578501714435998 2.0772541549181689 1.5355000986407392 0 0 -0 0.01
2.4652115063829818 1.7110150448962349 1.7756733470196999 0 -0 -0 0.01
2.5507456145645109 2.1181605403501509 1.8205580414772882 0 0 -0 0.01
2.2381652364282418 1.7042824669756202 1.5401974090066544 0 -0 -0 0.01
1.7595721492836214 2.2300571487727816 1.5061809431482875 -0 0 -0 0.01
1.5578254429766898 1.6969506663888394 2.2563847073903425 -0 -0 0 0.01
1.4623543927124272 2.2261326306799734 1.8816834370573314 -0 0 -0 0.01
1.4692732963428239 2.2539585058485647 2.0976034188861532 -0 0 0 0.01
1.769104764673086 1.5675774977800989 1.6532694476028491 -0 -0 -0 0.01
1.5636185806377105 1.8159122353229762 2.3660164666469874 -0 -0 0 0.01
1.7990020411257024 2.5631190648735176 2.0541621500763445 -0 0 0 0.01
1.9446341834374021 1.8592338920024076 2.5837734186535992 -0 -0 0 0.01
2.0925956381090036 2.5927375877453827 2.0523682563952255 0 0 0 0.01
2.424967585432459 1.8581119882572554 2.4038685815103178 0 -0 0 0.01
2.1005931421673663 2.1237669613033443 2.5858615465991619 0 0 0 0.01
2.2573006551607624 2.4434836322059161 2.3239413014083388 0 0 0 0.01
2.1653651700236507 1.5047403670504576 1.6889525647945161 0 -0 -0 0.01
2.3523498137987753 1.5660184437786449 1.7622133914954561 0 -0 -0 0.01
2.5085226986539144 2.2326424518544861 2.2365483697645172 0 0 0 0.01
1.7918685613673353 1.8329905995215192 2.5480482203477073 -0 -0 0 0.01
2.362128161376857 1.6819762296023164 1.6247651855785126 0 -0 -0 0.01
2.1194283351352809 2.2919300700079721 2.5262958398292299 0 0 0 0.01
2.222647015198246 1.5837391262259684 2.3877292919155244 0 -0 0 0.01
1.4400134042353392 1.7924386156053917 2.1250077942966263 -0 -0 0 0.01
2.472435906124415 2.3835372938068673 1.9410564270833368 0 0 -0 0.01
2.0515379312418087 1.548887368474102 1.5826394306180984 0 -0 -0 0.01
1.415847174159792 1.8267523879062604 1.932244697146559 -0 -0 -0 0.01
1.8902304265045589 1.7389758905400221 1.4495279652083499 -0 -0 -0 0.01
1.9957823040586429 2.557823923691747 2.2661982163344563 -0 0 0 0.01
2.38798200386152 2.3317523646912162 2.3490974054440188 0 0 0 0.01
1.4458288283546266 1.9413443681742504 1.7341313775587568 -0 -0 -0 0.01
2.0498126295507122 1.9623594146848289 1.3811156501129647 0 -0 -0 0.01
1.5885860340413487 2.3744625386184586 2.2746878881576116 -0 0 0 0.01
2.420733882187236 1.5498738789028481 2.068549972797904 0 -0 0 0.01
1.7225562756460644 1.7110431487774476 2.4752060583282587 -0 -0 0 0.01
2.3036889162516698 1.7216873991131192 2.4671525718302685 0 -0 0 0.01
1.7960053260967208 2.5000878410162986 1.6902765718449535 -0 0 -0 0.01
1.7854998412890817 1.4424562702197536 1.8162177282350813 -0 -0 -0 0.01
2.4625053943110773 2.3396541026381246 1.7563851085373186 0 0 -0 0.01
2.4996065095221143 1.6293223688059326 1.9389673324590264 0 -0 -0 0.01
1.9667562841968955 2.4121020765599832 1.5290582217510627 -0 0 -0 0.01
2.3786428329545148 2.3025180421987992 1.6026868552319482 0 0 -0 0.01
2.2338750761258304 1.984652799291361 1.4146019802567977 0 -0 -0 0.01
2.2010874207840381 1.8220106909085512 2.5707533820346642 0 -0 0 0.01
1.5976447674559937 2.4645095881536605 2.1386869150304224 -0 0 0 0.01
1.9355220879179429 1.3764689858259174 1.925090558088526 -0 -0 -0 0.01
1.5006321093221677 2.044107995599945 1.6156401101248652 -0 0 -0 0.01
1.7152210900807447 1.9782798664273931 1.4330862678113261 -0 -0 -0 0.01
2.5537122511375032 1.946013932979453 2.3013476678760316 0 -0 0 0.01
1.9711911237125974 2.4793609316858238 2.4185927877864817 -0 0 0 0.01
1.7645089447991875 1.5710390081861998 2.4036403161037794 -0 -0 0 0.01
1.8849869410035769 1.918891003539319 1.3765816758790062 -0 -0 -0 0.01
1.9590200326777778 2.1048844294761979 2.6300551440767475 -0 0 0 0.01
1.4451337824003962 1.792937185510957 1.7657956410345892 -0 -0 -0 0.01
1.6346367573778879 1.9002694658325894 2.5145594954722452 -0 -0 0 0.01
1.5758035912745418 2.4356139687039651 1.806633427821442 -0 0 -0 0.01
1.9216378879162721 2.2618809896764995 1.4200826993134177 -0 0 -0 0.01
1.5242508262984924 1.6413817985092465 1.7641883320096816 -0 -0 -0 0.01
1.818224108853439 2.390438002783148 2.4794300548290984 -0 0 0 0.01
1.6033161036916006 2.2649027668143269 1.5699292890074483 -0 0 -0 0.01
1.7503105770147638 1.4765328480998949 2.2754358644986348 -0 -0 0 0.01
2.3431776677193294 2.5404531776821719 2.0648430255299393 0 0 0 0.01
1.6844494426116599 2.2874257998598044 2.4861912093441463 -0 0 0 0.01
2.3073676561827381 2.2259827826615184 1.4789026689910849 0 0 -0 0.01
2.6084442930294367 2.2084509549207252 2.0430588945847257 0 0 0 0.01
1.9760967753300778 1.3591914748721092 2.0842882389881807 -0 -0 0 0.01
1.710393148251776 2.5261550223523401 2.2458894031941732 -0 0 0 0.01
2.2480202255070987 1.469297968536283 2.2771307452696976 0 -0 0 0.01
1.3842893993434797 1.9361300174328611 2.1906555224013986 -0 -0 0 0.01
1.6913161546028483 2.5489321871240627 1.8414078448925122 -0 0 -0 0.01
2.0187867544342062 1.6421624392475729 1.451948585736496 0 -0 -0 0.01
2.1315801108806207 2.5117270266474261 2.3859475677676012 0 0 0 0.01
2.1468830702011443 1.6492646141930656 2.5311157717447266 0 -0 0 0.01
2.0880265053604266 2.6042939714849398 1.770280487131912 0 0 -0 0.01
2.4010439390494795 1.5740072681243302 2.2908930097319722 0 -0 0 0.01
2.46495745730769 1.9483646043130392 1.5409147265871559 0 -0 -0 0.01
1.5301348457731438 2.3335656830120746 1.6889725597123018 -0 0 -0 0.01
2.4216294272698033 2.197075767014971 2.4652280982436241 0 0 0 0.01
2.0120344162463057 1.8090991727704682 1.3672303198450653 0 -0 -0 0.01
2.0901013913633077 2.5278489943997839 1.6189202939209544 0 0 -0 0.01
2.5011531454114153 2.4052946239616917 2.1326281107093648 0 0 0 0.01
2.0668190417243357 1.9551490632862036 2.6574765517632235 0 -0 0 0.01
1.9415924540941798 2.2624703571423672 2.6071984665379899 -0 0 0 0.01
2.0174157333406493 1.4228502005514101 1.6734323226943633 0 -0 -0 0.01
1.6481061047365517 2.5599171745061637 2.0104423215588185 -0 0 0 0.01
2.3050892065478825 1.4237281005510796 2.1143593178763722 0 -0 0 0.01
2.2266663590693714 2.6088423452654252 1.8710180063020261 0 0 -0 0.01
2.5888424226184115 2.2841193476633017 1.8953847445683205 0 0 -0 0.01
1.4756326461295413 2.2674281228604305 2.3090316675051179 -0 0 0 0.01
2.2534208840137735 2.3836299312727056 2.4851398073790039 0 0 0 0.01
1.5851958088999705 1.9117322294662158 1.4839276336032561 -0 -0 -0 0.01
2.3992019066911459 1.4754782742878327 1.8974647740100778 0 -0 -0 0.01
2.1592362960551101 1.3529341058994788 2.0417625167141185 0 -0 0 0.01
1.8121863322092557 2.6362107248865216 1.9206773031921374 -0 0 -0 0.01
1.8810870592427049 1.4472529716066458 2.356711315987428 -0 -0 0 0.01
1.7749717681982264 1.3825944751930037 2.1265004351284116 -0 -0 0 0.01
1.4283508416097115 1.6522831323088254 2.0065125827523262 -0 -0 0 0.01
1.7440396742096758 1.82129910674909 1.4019017989484701 -0 -0 -0 0.01
2.1274220754337652 1.3490676839872227 1.8862289006819153 0 -0 -0 0.01
2.2372918202042102 2.5311624399540804 1.6639391494728208 0 0 -0 0.01
2.2541878594980509 1.4111712252103623 1.7900407960538973 0 -0 -0 0.01
1.629043419884993 1.4394594679645045 1.9514142855637446 -0 -0 -0 0.01
2.1122242174166859 1.3651307475282217 2.1984428828834597 0 -0 0 0.01
1.4631312723858123 2.4000825679820799 2.085752579733732 -0 0 0 0.01
1.4743375844841129 1.8556994504400106 1.5983242521716226 -0 -0 -0 0.01
1.7347880733794434 2.1541894406904367 2.6069943305045298 -0 0 0 0.01
2.6416797327980608 2.1251503931211797 2.1746172519986957 0 0 0 0.01
1.9321100147343437 2.0332944754312976 1.3224304283628512 -0 0 -0 0.01
1.8715144640995605 1.5905705292333359 2.5269585037393218 -0 -0 0 0.01
2.65117792297711 1.8187662508493774 2.0590335907906483 0 -0 0 0.01
1.5349230425784595 1.5086789359890722 2.0640899351069417 -0 -0 0 0.01
2.4085661971744252 2.5367730730894036 1.911884707382614 0 0 -0 0.01
1.6172900174151412 1.7469328870352046 1.4918956125595442 -0 -0 -0 0.01
2.6746082973173104 2.0873396911259618 1.9676155338050056 0 0 -0 0.01
1.5902380588833094 1.5586815356662902 1.6738073373875464 -0 -0 -0 0.01
1.348617112508707 2.1685177330304657 2.1166157979104017 -0 0 0 0.01
2.0591606922757735 1.7374343182057304 2.6317601483864048 0 -0 0 0.01
2.5375540079869423 2.0963976151340362 1.5861398794309756 0 0 -0 0.01
2.2936208150688939 2.5627210718986477 2.2647160619980871 0 0 0 0.01
2.6639794549672291 1.9577467759957541 2.1659436766931881 0 -0 0 0.01
2.5581186194953074 2.1292114173520309 2.3813260986007658 0 0 0 0.01
2.6177572001219733 1.8074668920908454 1.7669011738982179 0 -0 -0 0.01
1.4387559847881048 2.1008076873345507 2.3869828029875322 -0 0 0 0.01
1.5031794141877284 1.5347385192698335 1.8907050916140768 -0 -0 -0 0.01
1.5921207045839028 1.6491553756550237 2.4318405866566013 -0 -0 0 0.01
1.5391660527154327 2.1998582059754934 2.476902030792357 -0 0 0 0.01
1.3173254467974358 2.0968934560452857 1.9691175276355699 -0 0 -0 0.01
1.774597571253467 1.3471285314172534 1.944858435772594 -0 -0 -0 0.01
1.4937344327867303 2.4683906404037312 1.9385055743556114 -0 0 -0 0.01
2.2796402866043199 2.1231880612990657 2.6267552010978243 0 0 0 0.01
1.6188455474849173 1.4605369863988644 1.7823552902749429 -0 -0 -0 0.01
1.6664584085710545 2.4621552292819624 2.402178447150626 -0 0 0 0.01
1.3210385382014285 1.9920588474135053 1.8538135568508478 -0 -0 -0 0.01
2.5972340535763299 1.659950122168725 2.1073108758942665 0 -0 0 0.01
2.4531880473728065 1.6820642925052507 2.4241024308917494 0 -0 0 0.01
2.3550821541326399 1.8724941178957206 2.5894557110493737 0 -0 0 0.01
2.1192988368990564 2.0907579234847544 1.3146720489799744 0 0 -0 0.01
2.1659233661978092 1.7086665566609862 1.3815790461622837 0 -0 -0 0.01
2.5443253238478274 1.6656748784262936 2.284626240185295 0 -0 0 0.01
2.4188895304318274 1.7873812591834741 1.4771899861452813 0 -0 -0 0.01
1.9029020202450915 2.6704256850783326 2.1872065420376607 -0 0 0 0.01
1.8879153608232335 1.4678709177810556 1.550510114627456 -0 -0 -0 0.01
2.2897169665657495 2.1037123268584947 1.366064534501793 0 0 -0 0.01
2.6298494269537778 1.7969636738581143 2.23543988098419 0 -0 0 0.01
2.2085994760708623 1.5257917542355233 1.5181497839679547 0 -0 -0 0.01
1.9496200060937259 2.6825872886219773 1.8336912680521538 -0 0 -0 0.01
2.2174755343967361 2.6577578241433519 2.1368653243912017 0 0 0 0.01
2.4994544049073411 1.9584237608540622 2.4988826686379171 0 -0 0 0.01
2.0963806466860557 2.6961272212204443 1.9270647795047784 0 0 -0 0.01
2.1325202087925619 2.4648126801080705 1.483382229811415 0 0 -0 0.01
1.7092554506990225 1.9851035302173174 2.6481437223042659 -0 -0 0 0.01
2.5242089134184811 1.7432444756116015 1.5963251778911123 0 -0 -0 0.01
1.5877362057098567 2.1008414588190427 2.5708485758729775 -0 0 0 0.01
1.8033949671416019 2.5655808862063565 2.3866191397964336 -0 0 0 0.01
2.4392427509809478 2.4997458740942653 2.251938843962912 0 0 0 0.01
1.668731340742555 1.6000789627564507 1.5095003012172821 -0 -0 -0 0.01
2.0348440959721841 2.4248721656495773 2.5755722018618998 0 0 0 0.01
1.8386770215858359 2.5157489114608484 1.5354577910113927 -0 0 -0 0.01
1.524240450249426 1.5220831581977543 2.2283217661656325 -0 -0 0 0.01
1.7933036825497286 2.1910011838449877 1.3414459376595325 -0 0 -0 0.01
1.6239658187682176 2.5178572078838597 1.6833683823214496 -0 0 -0 0.01
2.6928941417666312 1.8481970993035601 1.9201371636794842 0 -0 -0 0.01
2.361718406015564 2.5697014791203308 1.7644968690697491 0 0 -0 0.01
1.8386389349544483 1.381379292858389 1.671032608952157 -0 -0 -0 0.01
1.3715331281076311 2.3399470458001601 1.9547335589290389 -0 0 -0 0.01
2.3033144078203822 1.3505271097304579 1.9543598044413262 0 -0 -0 0.01
1.9318999676522297 2.7152180961305259 2.024660887911069 -0 0 0 0.01
1.922771276171811 2.6119653277336217 1.6312131826207734 -0 0 -0 0.01
1.4089711554982753 1.6296814919768461 2.1709318396234525 -0 -0 0 0.01
2.6124105123814987 2.2546429296593287 1.7227645509669567 0 0 -0 0.01
1.5158239301229128 2.1376473509912626 1.482536190995293 -0 0 -0 0.01
2.1616034272894451 1.84604403255861 1.3095029784501215 0 -0 -0 0.01
1.7171724912207202 2.3900972875511872 1.46115263680448 -0 0 -0 0.01
2.3154287606140191 1.4642311347552459 1.6264533976043656 0 -0 -0 0.01
2.0699087292820058 2.2539146905993985 1.3239916366960056 0 0 -0 0.01
2.5429880073951767 2.3723737861737564 2.3028212353296413 0 0 0 0.01
2.2531346818712317 2.2816087326960868 2.6226349887900198 0 0 0 0.01
2.31036986045167 2.4496503350214591 1.5234334852216385 0 0 -0 0.01
2.6159962527559562 1.8962549933096748 1.6302559175338076 0 -0 -0 0.01
1.3884899800491117 1.8529060381409139 2.3619742696817974 -0 -0 0 0.01
1.9653143958053347 1.4601362089756338 2.4861476809968344 -0 -0 0 0.01
2.5805241658407265 1.8154608458902981 2.398268675081638 0 -0 0 0.01
1.3680088618325739 1.6681028341238389 1.8586882203221262 -0 -0 -0 0.01
2.08790170399257 1.3741746335573131 2.363155655261024 0 -0 0 0.01
1.9368290642491341 1.306128680413615 1.7767379235067318 -0 -0 -0 0.01
2.4770034400586178 2.2073244891221204 1.4871177190583726 0 0 -0 0.01
1.2775096716376906 1.9223387938306606 2.0606589790703245 -0 -0 0 0.01
1.3236236822726473 2.0468461070010386 2.2720988844063785 -0 0 0 0.01
2.0991889346767207 2.2575731221542132 2.6832083127399295 0 0 0 0.01
2.7010384755900216 1.9906519582862869 1.7914470894120293 0 -0 -0 0.01
2.0247911515497283 1.5783869910670321 2.6008552631198048 0 -0 0 0.01
1.7989055243161574 1.6868999748352269 2.6342100887961761 -0 -0 0 0.01
1.8422086856300026 1.8744571952706515 2.709345151559388 -0 -0 0 0.01
2.066137395909363 2.7173421430344304 2.153378848378777 0 0 0 0.01
2.3980343229724879 1.9688873522804282 1.3792414509030051 0 -0 -0 0.01
2.5426073360537575 1.5529692043712706 1.7790471059761204 0 -0 -0 0.01
1.6432532005493066 2.0980140898981099 1.3597771022724441 -0 0 -0 0.01
1.3816152848256023 2.3249907888220434 1.7661023791976214 -0 0 -0 0.01
2.4363676968810584 2.4718411509883658 1.6387598949978088 0 0 -0 0.01
1.7966673696666997 2.6625023846542746 1.744756565260966 -0 0 -0 0.01
1.6123505794331638 1.3861428321347296 2.1363500860198958 -0 -0 0 0.01
1.3580196241841622 2.1814572729509591 1.6810873480791173 -0 0 -0 0.01
1.3429557850233471 2.2121450690306852 2.2668592557901919 -0 0 0 0.01
1.4393926405180251 1.70265965947201 1.6147325991161734 -0 -0 -0 0.01
1.7432078458773068 1.6700255640336064 1.3820841653078757 -0 -0 -0 0.01
1.4200626079221823 1.6966279080093627 2.3481661762801127 -0 -0 0 0.01
2.2093858840530984 2.3365286676574875 1.3701213585603471 0 0 -0 0.01
1.5436616295073387 2.3716922387093811 2.4580067554077782 -0 0 0 0.01
1.4526366361727079 1.9329739769130501 2.5003704539888219 -0 -0 0 0.01
2.6514922899523476 1.6599417018914391 1.8823900444153014 0 -0 -0 0.01
1.5156946431105918 1.7625242023835002 2.5146442946526828 -0 -0 0 0.01
1.2929060606138965 2.1729158193536726 1.8426656171395805 -0 0 -0 0.01
2.3827828148547816 2.4986878004431072 2.4071911647128865 0 0 0 0.01
1.9707843508087455 1.2991900185473377 2.2568508413505355 -0 -0 0 0.01
2.1324579359816718 1.4602291244900674 2.5008375053601792 0 -0 0 0.01
2.3211112375451632 1.8315787163158035 1.3413095172180396 0 -0 -0 0.01
1.2914937942973936 1.7624785439783583 2.013990480012005 -0 -0 0 0.01
2.4771960206388899 1.5616708505263286 1.6195913206976746 0 -0 -0 0.01
2.3689971430565748 1.5092987434704124 2.4311814237597575 0 -0 0 0.01
1.6382265455210712 2.2620866060525473 1.3947964807074777 -0 0 -0 0.01
1.3475964536886504 2.028058459859424 1.6285930739227192 -0 0 -0 0.01
2.2668870920764634 1.9630751335351242 2.7056272781393504 0 -0 0 0.01
2.6427175336762083 2.3881806898522635 2.0263852555323378 0 0 0 0.01
2.6458926539141681 2.2319081493122384 2.3103667072305982 0 0 0 0.01
2.541429521543936 2.4901267963967908 1.8194039358253491 0 0 -0 0.01
2.4079374199523804 2.0395188179120072 2.6365704773519827 0 0 0 0.01
1.5644762673311852 2.4258631844688847 1.5541681914692957 -0 0 -0 0.01
2.6775333263389909 2.091004477738212 1.6810421198983523 0 0 -0 0.01
2.3059118209486975 2.6912894363178044 2.0079858099385004 0 0 0 0.01
2.1165440241376996 2.6796935238153927 2.3172778352925065 0 0 0 0.01
2.0264452814574727 2.412738386656911 1.3643901752968048 0 0 -0 0.01
1.771878939124111 2.0060788355503347 1.2735364616966613 -0 0 -0 0.01
1.6962491684299927 1.4274955208930569 1.6009582431065772 -0 -0 -0 0.01
1.3143092649255999 1.7743691732152245 2.2289449177438474 -0 -0 0 0.01
1.8672695116349753 2.4329895720989811 1.3890514294274636 -0 0 -0 0.01
1.737475335645617 2.6849213667331524 2.2048023737916087 -0 0 0 0.01
2.0479689454684675 1.2406179713540877 1.9717200774052273 0 -0 -0 0.01
1.8013866339300391 2.0927458920026902 2.7331292975269981 -0 0 0 0.01
2.0808473387732151 2.1075773182462965 2.7544537088369161 0 0 0 0.01
2.7237226964358383 2.1613966469375967 1.8305028745215057 0 0 -0 0.01
1.8630611317714278 2.4061845444069232 2.6366876561728798 -0 0 0 0.01
2.3215333939589327 1.6369103820735171 1.4055213018738963 0 -0 -0 0.01
1.6389571329401633 1.7512673752171855 2.6270605172841792 -0 -0 0 0.01
1.2722397404791426 1.8234324309957537 1.8517487928649752 -0 -0 -0 0.01
2.2929756616569117 1.5621448753822482 2.5559520531997935 0 -0 0 0.01
1.7345228964042585 2.7168005232853782 2.0549256284882409 -0 0 0 0.01
2.4253460787655801 2.3737973881235126 2.5205724423100917 0 0 0 0.01
2.1854261121154424 1.3524822035024551 1.627106582459795 0 -0 -0 0.01
2.4465069704428073 1.4290433089626036 1.7437542809745914 0 -0 -0 0.01
1.7955439608573931 1.301001639692509 2.2420945276232009 -0 -0 0 0.01
2.459469926236467 1.3854606026630205 2.0417436460626726 0 -0 0 0.01
2.6236471363834992 1.9729225543837698 2.4501496829913041 0 -0 0 0.01
2.5621517145200818 2.2844453848121047 2.4446987074060678 0 0 0 0.01
1.7351553518711822 2.3115925394684216 2.6575793622533244 -0 0 0 0.01
2.7032771967301015 2.0525534075670828 2.3098916305925714 0 0 0 0.01
2.5944095501681446 1.513370264156624 2.061951567993034 0 -0 0 0.01
1.5914237531824271 2.6289544418957158 2.1865564550078909 -0 0 0 0.01
2.4803016223847485 1.7751047273361293 2.5631355328564966 0 -0 0 0.01
2.2849977202314249 1.6881055077152316 2.6493545586509 0 -0 0 0.01
2.5793316672247517 2.3390497757602851 1.6177994380758771 0 0 -0 0.01
1.9596563881899716 2.6610427181303411 2.4071199868999043 -0 0 0 0.01
2.0592666588869832 1.3944776676278652 1.5140393790567648 0 -0 -0 0.01
1.9667700121424483 2.1969432286070285 1.247902460674557 -0 0 -0 0.01
1.997236795639334 1.8369683260793093 2.7617135976861893 -0 -0 0 0.01
1.4987770967352945 2.5169715159224291 2.2931450904377555 -0 0 0 0.01
1.4978105406419595 2.0128570099666248 1.404882620703451 -0 0 -0 0.01
2.0665079140457019 1.9605961367302542 1.2220986472690731 0 -0 -0 0.01
1.7233929237629373 2.459465260170878 2.5688575519050674 -0 0 0 0.01
1.8736807610742956 1.7901350607437427 1.255840113733784 -0 -0 -0 0.01
2.0946585068713359 1.2676300869819257 1.7447812055453473 0 -0 -0 0.01
1.7742950545499148 1.5101228489339353 1.4312642908646613 -0 -0 -0 0.01
1.9536457739495703 1.4898509433451022 1.4053264697155265 -0 -0 -0 0.01
1.8762797321642277 2.5536541636049273 2.5423795879824622 -0 0 0 0.01
2.5606007636320807 1.5090180686666603 2.2322275051668541 0 -0 0 0.01
2.4089949613463277 2.6448384651671302 2.1704018361972208 0 0 0 0.01
1.6023407323092815 1.3984887640100494 2.300859138473081 -0 -0 0 0.01
1.4032152819319132 2.240424495665398 1.5540351818079208 -0 0 -0 0.01
2.4702351627567629 2.3785726689961666 1.5014604158115898 0 0 -0 0.01
2.1231464042310866 1.5464111630769994 1.3665934433004272 0 -0 -0 0.01
2.275291028622429 1.3100545598620679 2.251442553448185 0 -0 0 0.01
2.5711753802534183 1.4718094595530751 1.8949802950419337 0 -0 -0 0.01
1.950583387756583 1.9927059539114751 2.7881004004973087 -0 -0 0 0.01
2.4203162806643865 2.2382999506880088 2.6242759474836008 0 0 0 0.01
2.2619212332878189 1.3849844458448284 2.4144515042276837 0 -0 0 0.01
2.1791848526911179 1.8142414685562931 2.7467843955234854 0 -0 0 0.01
2.7415716242093824 2.2582106764140599 1.9670470448371571 0 0 -0 0.01
1.8846689855038092 1.611580544358056 1.317991229251489 -0 -0 -0 0.01
2.2445109486058703 2.5471903335916424 2.5185085525828228 0 0 0 0.01
1.2973844954273499 1.8360713296172717 1.6805659230462333 -0 -0 -0 0.01
2.0358674871143103 1.672199348360893 1.2765875215139324 0 -0 -0 0.01
1.6133730687237628 1.900441129577257 2.68442441976778 -0 -0 0 0.01
2.5397714155091742 2.1336659556245183 2.5652745441016527 0 0 0 0.01
2.0684944903808931 2.5860201855453768 2.5337469596104882 0 0 0 0.01
2.6354822586482562 1.6541500695617923 1.6769070243652764 0 -0 -0 0.01
1.5560624017303399 1.4842455259014771 2.4042737025702468 -0 -0 0 0.01
1.8600601961408862 1.2299521724968598 2.1268284398103354 -0 -0 0 0.01
1.681743335233244 2.5435316519518127 1.5173311215327514 -0 0 -0 0.01
1.691182309909177 1.4665189871180082 2.4999828902884023 -0 -0 0 0.01
1.630056756705542 2.6968693395249437 1.9075967971729393 -0 0 -0 0.01
2.5741250690979429 1.8730937690609264 1.4629265811697114 0 -0 -0 0.01
2.7931058180393316 1.972416347920789 1.9795931719313593 0 -0 -0 0.01
1.6782457364671199 1.3094644235887309 1.7636421334641785 -0 -0 -0 0.01
1.2415933956907068 2.238589571549654 1.9879580420546097 -0 0 -0 0.01
1.2217434424134952 2.0744496296800272 2.1473372853335699 -0 0 0 0.01
1.3825745761292154 1.953406811640731 1.4954565168689493 -0 -0 -0 0.01
2.2469480387640433 1.9747086903683118 1.237496915794579 0 -0 -0 0.01
1.894931797232442 2.3185415159846032 1.2727616082422226 -0 0 -0 0.01
2.0850321438810471 2.6576491311919836 1.5545329902663856 0 0 -0 0.01
1.6350510784703689 2.6204480651628077 2.3535657085389392 -0 0 0 0.01
1.4568506319222791 2.5800085066960676 2.094972908914468 -0 0 0 0.01
2.2015692000901206 2.6989782873254859 1.6669524927126671 0 0 -0 0.01
1.9330743011002247 1.6544298139767812 2.7219795511459344 -0 -0 0 0.01
1.585669256733957 1.9024974736390756 1.3165972606419771 -0 -0 -0 0.01
2.5420259856225353 2.0617769750208952 1.4103739069368788 0 0 -0 0.01
1.5748750657666006 2.3045257906800511 2.6132693160514995 -0 0 0 0.01
1.3865080171131572 2.2579409229890706 2.4516568477517509 -0 0 0 0.01
1.4112101998917481 1.5586824105299526 1.6742485639207798 -0 -0 -0 0.01
2.4190796738365856 1.3836116381508683 2.3014339885237134 0 -0 0 0.01
2.5776915973646988 2.5498211771551738 2.1052805489135786 0 0 0 0.01
2.195938033548035 2.435149837974838 2.6546849955079028 0 0 0 0.01
2.778518241357828 2.1733218526980389 2.1045783888197378 0 0 0 0.01
1.8734080326291407 1.2039027682381729 1.9589395914786436 -0 -0 -0 0.01
1.3659503806790307 2.4664883384527845 1.8271021013415032 -0 0 -0 0.01
1.6648661648253085 1.2669740486576191 2.0446521535638067 -0 -0 0 0.01
2.4847709223903678 1.633008456791216 1.4640094346321957 0 -0 -0 0.01
1.5752672557233558 2.6438663841583168 1.759671465072832 -0 0 -0 0.01
2.7284379161575418 1.8755798532378105 2.3273835083893313 0 -0 0 0.01
1.4678695312283552 2.5293238301890164 1.6987155262062148 -0 0 -0 0.01
1.4695871254738355 1.8131178143422098 1.4137157278447696 -0 -0 -0 0.01
2.6491770911982004 2.0148785177972077 1.5149110370955075 0 0 -0 0.01
1.941486628536669 2.5835437331990296 1.4395351373304983 -0 0 -0 0.01
1.9098867852935699 2.236364768206224 2.7764064895156557 -0 0 0 0.01
2.0403377493819543 1.20290131644109 2.1495229676878389 0 -0 0 0.01
1.490859184941622 2.6303247070376941 1.9456059168713105 -0 0 -0 0.01
2.7353386715824799 1.6568385367749441 2.0231971420238324 0 -0 0 0.01
2.3756033771981255 2.3716336163376384 1.3809255321881579 0 0 -0 0.01
2.3210643293037823 2.2618035976923374 1.2975264945858638 0 0 -0 0.01
1.3717464981271821 2.4834668347027224 2.186798453595642 -0 0 0 0.01
1.3778122186792059 1.4753659399407002 2.0072085903925001 -0 -0 0 0.01
2.1166270693157894 1.9516481862754804 2.8098003605029334 0 -0 0 0.01
1.8071095188522355 1.2265333111334904 1.8188664801612298 -0 -0 -0 0.01
1.3233430357996183 2.3614501426209964 2.2793797793934023 -0 0 0 0.01
1.4800241275579777 1.4241167924285154 1.741520791541205 -0 -0 -0 0.01
2.2285865468821293 2.6045489898468661 1.5001395061023513 0 0 -0 0.01
2.6678640836119643 2.4258093763082256 2.2026746131371122 0 0 0 0.01
1.6056562452121299 1.7384495250136363 1.3274603920814072 -0 -0 -0 0.01
2.2476933166526232 2.7615587133396025 1.8314358982750916 0 0 -0 0.01
1.2936209939325345 1.9773312600142328 2.4135002864408959 -0 -0 0 0.01
1.2581950339474428 2.317022732738796 2.141032066265264 -0 0 0 0.01
1.407863108497432 2.3973319064283842 1.5952155531705068 -0 0 -0 0.01
1.37747282696811 2.0745446169130317 2.5310506131739645 -0 0 0 0.01
1.636956997006376 2.0610550774374881 2.7378952895929753 -0 0 0 0.01
2.0111378549125662 2.758479699788027 1.6848743222445075 0 0 -0 0.01
1.8214883747052426 2.7254525727538952 2.3502351072170766 -0 0 0 0.01
1.2198396958566606 1.9328230896163578 2.2476005321556576 -0 -0 0 0.01
2.2944902659931379 2.6948442506388623 2.3347896835365458 0 0 0 0.01
2.5489516799378245 1.5414874642295346 2.4082207166522496 0 -0 0 0.01
2.359396450036066 1.2841758701941424 1.7990658837020943 0 -0 -0 0.01
1.7268103051690336 1.3414737160584496 2.413486724225844 -0 -0 0 0.01
1.7196395652957515 1.8488628374542699 1.2337489292045325 -0 -0 -0 0.01
2.4956641464078526 2.6596198971317371 2.0164070747499498 0 0 0 0.01
2.6639524547931828 2.2068177272398444 1.5553206829817847 0 0 -0 0.01
2.1932669088129062 1.1997103586844426 2.0787090643685566 0 -0 0 0.01
2.2255716222423594 1.2085544685588028 1.9055995982461016 0 -0 -0 0.01
1.9953235440810009 2.3804650929992928 2.7411663351614686 -0 0 0 0.01
1.3356406474825597 2.4931155361591477 2.0083187638508049 -0 0 0 0.01
2.2253764927573112 2.1641553014349157 2.7854627537667942 0 0 0 0.01
2.3671629628236244 1.267078951010745 2.12423455521825 0 -0 0 0.01
2.3796656397241742 1.4985187850614587 1.453648224565631 0 -0 -0 0.01
2.142657469601116 1.6415365385413525 2.7373581476291884 0 -0 0 0.01
1.4804907556682472 2.0036549715099801 2.6502484429258946 -0 0 0 0.01
1.5712862307541533 1.2950115782527956 1.8980152046737901 -0 -0 -0 0.01
2.1868805198420027 2.8105048363172287 2.0154104829782198 0 0 0 0.01
1.8199112160889406 1.4568114115971462 2.6044368634451449 -0 -0 0 0.01
2.8082614634381762 1.8104895432639634 2.0353467394790581 0 -0 0 0.01
1.4091410192053591 1.5159064904714563 2.3287303602979779 -0 -0 0 0.01
1.402597857696898 2.4142230697877571 2.4102160394627843 -0 0 0 0.01
1.2783233575310988 1.5858397425473512 1.9711759273248983 -0 -0 -0 0.01
1.5052521707686033 1.5216083198921211 1.523800297825014 -0 -0 -0 0.01
2.7364788435153344 2.3399274652753976 1.8102815194276551 0 0 -0 0.01
2.6472946917721014 2.4358861809871306 1.7064897884342662 0 0 -0 0.01
1.6649531621774161 1.5762764029533691 2.638496592238182 -0 -0 0 0.01
1.7219251660363735 2.3538108030150271 1.2930088559842798 -0 0 -0 0.01
2.4581900588682455 2.1863974099593713 1.3234916030672541 0 0 -0 0.01
2.0838649219589467 2.8107764519014338 1.8101534866536308 0 0 -0 0.01
1.7726803695442435 2.7981498777119853 1.8857578199226062 -0 0 -0 0.01
2.8062573372248032 1.8784346755674426 2.1881631901276699 0 -0 0 0.01
2.1638492572595189 1.5057313547134201 2.6588209629888895 0 -0 0 0.01
2.4921673689067756 2.6496864351836882 1.8055765072322569 0 0 -0 0.01
2.7692504764122861 1.7178088025286731 2.1772020172859206 0 -0 0 0.01
1.8992999134633408 1.2783946806560436 2.4174192464685942 -0 -0 0 0.01
1.7383399400881481 1.9706406166409869 2.8020101535083972 -0 -0 0 0.01
1.4755637343666774 2.3334766205462709 1.4325074930525545 -0 0 -0 0.01
1.3473023160408584 1.4972040068073018 1.8305466693820236 -0 -0 -0 0.01
2.3804511824335699 2.1214982892394305 2.7456722697315419 0 0 0 0.01
1.4724944235630564 1.6470923514496827 1.4419454913348679 -0 -0 -0 0.01
1.6704440176754032 2.6749998404997704 1.6184501137280098 -0 0 -0 0.01
1.2752825710477078 1.6669512928927523 1.726771300036003 -0 -0 -0 0.01
1.1664586433455844 2.0851762685560939 1.9163376695634662 -0 0 -0 0.01
1.9706945519001438 2.7918133858939664 2.2986245079782894 -0 0 0 0.01
1.1623146969238678 1.9142553500633579 1.9632827093016045 -0 -0 -0 0.01
2.4378373602323036 1.6210693138588128 2.6170522492273252 0 -0 0 0.01
1.4882885906173093 1.3285970591089127 2.0367910346161548 -0 -0 0 0.01
2.376796972879335 2.6388811748574197 1.5948280193047784 0 0 -0 0.01
2.1469168294015946 1.2088095373529892 2.2623699361440628 0 -0 0 0.01
2.2522529543136875 2.4885656027966454 1.3550762158458955 0 0 -0 0.01
2.6992433760739836 1.6558159145728211 2.3310102497817429 0 -0 0 0.01
1.9151220133977114 1.2825444676659052 1.5489176577537838 -0 -0 -0 0.01
2.0103544411555156 2.8482155853063138 1.9704770683356578 0 0 -0 0.01
2.6939131524887889 2.1360087640910126 2.4710604728124719 0 0 0 0.01
2.0255001307973779 1.7940931509919993 1.1707853529488053 0 -0 -0 0.01
2.1492548004935363 2.1121628955456662 1.1672354680094756 0 0 -0 0.01
2.6395207410245787 2.5561685903513096 1.9507409421601545 0 0 -0 0.01
1.9848240151249579 1.1607642622566048 1.8522403466407187 -0 -0 -0 0.01
2.4093014416387306 2.7369154680927568 1.8874530543916919 0 0 -0 0.01
1.920728956258168 1.9987327206995003 1.1474201598256735 -0 -0 -0 0.01
1.4255593995808775 1.5993009351344916 2.4838161773201719 -0 -0 0 0.01
2.7619419568791943 1.7031089053331492 1.7609962166563415 0 -0 -0 0.01
1.4130174977466705 1.4111464562334373 2.1842563149476053 -0 -0 0 0.01
1.1786764556009053 1.9488680690215172 1.7786368509819561 -0 -0 -0 0.01
1.8099339479583285 2.1391532749541771 1.1754527987077232 -0 0 -0 0.01
2.8165126493619703 1.8624824905756774 1.7948693642018787 0 -0 -0 0.01
2.1021790751272524 2.6044613412476716 1.404056980664663 0 0 -0 0.01
2.2069963059580924 1.6806190361503512 1.2283249914739209 0 -0 -0 0.01
2.5224049668021951 1.8997185659564746 2.6729559092247079 0 -0 0 0.01
1.4582988103692673 1.8378228170233368 2.6440035369191688 -0 -0 0 0.01
1.5689025621414447 2.7384964025430905 2.0566988631382968 -0 0 0 0.01
2.6230399092721646 1.670277598577085 2.487601077466969 0 -0 0 0.01
1.9564686129428519 2.8466442192190327 2.1377352225454818 -0 0 0 0.01
1.2325779234760685 2.3406507674229768 1.8303218127585059 -0 0 -0 0.01
2.5864235345872957 2.4617891439355208 2.4272149006977339 0 0 0 0.01
1.6781599792548125 2.6088360450929957 2.519180753475196 -0 0 0 0.01
2.5066731487138068 1.3144978502181597 1.8870657069764341 0 -0 -0 0.01
1.2241722108209938 1.6568812450334487 2.1275523117791413 -0 -0 0 0.01
1.4986442189391016 2.1834239999180216 1.3231913552840411 -0 0 -0 0.01
2.1986477686549706 2.254799582819242 1.1995692637407389 0 0 -0 0.01
2.4483530868831478 2.6551963720388549 2.3379636512292836 0 0 0 0.01
2.8471941889102768 2.0303107984971196 2.1444093514238616 0 0 0 0.01
2.6285903023459989 1.8434750049714377 2.5700377233207834 0 -0 0 0.01
2.3608442991069163 1.7832886821289098 2.7557057120325337 0 -0 0 0.01
1.4334218546079229 2.2096888947207707 2.6190817663613104 -0 0 0 0.01
1.3187897272637343 1.8023157660410796 1.5058774369942927 -0 -0 -0 0.01
1.6669096906062812 2.2181686249010015 1.230484660061498 -0 0 -0 0.01
1.329847359987876 2.1137088494098624 1.4653519859833335 -0 0 -0 0.01
2.7801599699456521 1.9262862801390808 1.6363467678662758 0 -0 -0 0.01
2.2726869993974894 2.795804171265126 2.2078196803906787 0 0 0 0.01
1.3633576439147277 1.7373198011253037 2.5233899341145669 -0 -0 0 0.01
1.168534094360751 1.8149171022781321 2.1443674480693593 -0 -0 0 0.01
1.5988997342801279 1.5677404687753898 1.3596690492835326 -0 -0 -0 0.01
1.2800593593770433 1.6130642253670542 2.283534418736151 -0 -0 0 0.01
1.2016635825784601 2.0840187150039968 1.6740570662703038 -0 0 -0 0.01
2.4657590765463482 1.4070900794943895 1.5653272595753758 0 -0 -0 0.01
1.7693475215848062 1.3335461735051823 1.4869087022820451 -0 -0 -0 0.01
2.5831856160091227 1.3781116288350042 2.1631936499598323 0 -0 0 0.01
1.7618099043974542 1.2395591754462971 1.6464571913366155 -0 -0 -0 0.01
2.7244708875012331 1.5583814428104041 2.1851772539375971 0 -0 0 0.01
2.7824349074962829 2.3033752540317893 2.2261664559121339 0 0 0 0.01
1.5064603533057832 2.5518719820232296 2.4621728162961496 -0 0 0 0.01
2.2166842961283195 2.7008030538729342 2.4759196825130578 0 0 0 0.01
2.5867380268223386 2.5902034753641483 2.2597399097800639 0 0 0 0.01
2.3940472133805741 1.7004251016466971 1.2775585206256084 0 -0 -0 0.01
1.7231635839452157 2.2123662007584821 2.8043674866606132 -0 0 0 0.01
2.2245318843830821 1.1944896744651112 1.7432129353868628 0 -0 -0 0.01
1.2586162028982479 2.1665419438976716 2.4297015192928924 -0 0 0 0.01
1.8639175599911693 2.8276950219374042 1.757663493545716 -0 0 -0 0.01
2.326927674094331 2.1081632990873875 1.1936387279094474 0 0 -0 0.01
1.9404426630640088 2.5408658626441007 2.6911048781585247 -0 0 0 0.01
1.8363806752589886 2.8591829646165148 2.0383121187711755 -0 0 0 0.01
2.5366220938810047 1.7483907759255271 1.3524187353250765 0 -0 -0 0.01
2.8598557348426077 2.0719858384795153 1.8633252021541602 0 0 -0 0.01
1.7557913734697288 2.5545124589263599 1.36645890058537 -0 0 -0 0.01
2.8190161797133193 2.1404437664484046 2.2758437355885235 0 0 0 0.01
1.8105073523753064 2.7565411615285473 1.5999962744119949 -0 0 -0 0.01
2.3551147998551754 2.3698774593705276 2.717532363547102 0 0 0 0.01
2.6583498811554254 1.7329502165995385 1.4823483973164056 0 -0 -0 0.01
2.3635044983678353 1.2876050855026118 1.631031530337347 0 -0 -0 0.01
1.2287404506409856 1.809459229550221 2.3718598414543672 -0 -0 0 0.01
2.2504810956050885 1.4434708681405266 1.3608344194516657 0 -0 -0 0.01
2.7072260500936167 1.5182278549464607 1.7974129841094153 0 -0 -0 0.01
2.5571379875965055 2.5869951569705338 1.6583872495187715 0 0 -0 0.01
1.5832248831615339 1.3189401696799452 1.6239322786728803 -0 -0 -0 0.01
1.5784421342774728 2.4844296651070237 1.3964942157573565 -0 0 -0 0.01
2.3966515082065838 1.2133555064495136 1.9640152885986053 0 -0 -0 0.01
1.949881325965902 1.444134486248128 2.6834826424920579 -0 -0 0 0.01
1.4874058509793961 1.6472696589743909 2.6252799106313791 -0 -0 0 0.01
2.0719646239957283 1.2225359017331878 2.4106023901291338 0 -0 0 0.01
1.9644301537879587 1.3164184952965632 2.5576129950977795 -0 -0 0 0.01
2.2172278597000243 2.3264219154069763 2.7975379823872224 0 0 0 0.01
1.1793851582870145 1.6980860825599149 1.882394997711974 -0 -0 -0 0.01
1.2699831425100112 2.356352520024537 1.6533582960462407 -0 0 -0 0.01
2.3648996954884138 2.5078224172763415 2.6315415225395657 0 0 0 0.01
1.8682087468060333 1.7633176608003989 2.845696169116593 -0 -0 0 0.01
1.5611485582336813 2.4818628074987981 2.6044472884474477 -0 0 0 0.01
1.6733684365896517 1.8054423310889303 2.802830789489771 -0 -0 0 0.01
2.8368229698899783 1.7288781998310254 1.9039275998366918 0 -0 -0 0.01
1.5568898719123769 2.2100831488980877 2.7429689820174668 -0 0 0 0.01
1.7486126293533057 1.6675056431483237 2.7852154304149668 -0 -0 0 0.01
1.6814696287938999 2.7889147854769032 1.7487574658210585 -0 0 -0 0.01
2.831626036847716 2.0773823962817626 1.7033391094846331 0 0 -0 0.01
2.0700616951921695 2.2605286230397139 2.8524042164834977 0 0 0 0.01
1.6186477804529353 1.4124048242854086 1.4469889228559993 -0 -0 -0 0.01
2.1811279357440201 1.8336636314904544 1.1401489337335682 0 -0 -0 0.01
2.7911919050673561 2.2382116292875609 1.6749945327632418 0 0 -0 0.01
1.2751569617164362 1.5052116461771163 2.1372003863353948 -0 -0 0 0.01
2.6335936201852044 1.579270687304134 1.5338926370057613 0 -0 -0 0.01
2.6190961046057626 2.308073546168862 1.439079161060675 0 0 -0 0.01
1.5169369352411248 2.6017665673994141 1.5547743746485632 -0 0 -0 0.01
2.6314178913882849 1.4689712882100023 1.6588260446048995 0 -0 -0 0.01
2.0100234601152254 1.5212883629770819 1.2404092457768616 0 -0 -0 0.01
1.5289727083635563 2.038034170703888 1.2392733391626711 -0 0 -0 0.01
2.0397207565682183 1.1899398908550372 1.618670150735368 0 -0 -0 0.01
2.5897163264838521 2.2873973976147068 2.6102338378715721 0 0 0 0.01
2.743427831102772 1.5063062892464703 1.968937617233979 0 -0 -0 0.01
2.6562503422442427 2.0202568884622227 2.6093021749565275 0 0 0 0.01
2.0317062577751637 2.2621270293183815 1.1420269843477553 0 0 -0 0.01
2.2978637397554724 1.413963119443749 2.6080916387671418 0 -0 0 0.01
1.5425175616527682 1.4896211968701061 2.5755496286604331 -0 -0 0 0.01
1.9446467065545694 2.7415358592027257 1.5009170113037544 -0 0 -0 0.01
1.8090841171589824 2.851277121120436 2.2129587381581546 -0 0 0 0.01
1.6300366070827064 1.2370221313067755 2.2886881699002126 -0 -0 0 0.01
1.1805704712714957 2.2325941959914717 2.2784579609552256 -0 0 0 0.01
2.5668330919808535 1.9150426129457552 1.3065969351210469 0 -0 -0 0.01
1.3991247969268139 1.3417036480080173 1.8937631015622429 -0 -0 -0 0.01
2.4628988701060699 1.4036956539385201 2.4867332265698767 0 -0 0 0.01
2.2685267299697762 2.0153371134443061 2.8622413946680481 0 0 0 0.01
2.483880431254728 2.0454738069668128 1.2407779254616123 0 0 -0 0.01
2.0974207197360415 2.5503466704482149 2.7117817463872482 0 0 0 0.01
1.2092542017559214 1.9362257421228835 1.5753413665045257 -0 -0 -0 0.01
2.3857545489084635 2.5807995266100026 1.4311388351217338 0 0 -0 0.01
1.8104877538198885 2.7181032784936141 2.5166864396211057 -0 0 0 0.01
1.7986332103955469 2.3660632067375245 2.804576987530893 -0 0 0 0.01
2.4158448284207346 2.6328294623881066 2.494961673700915 0 0 0 0.01
2.328737115733996 1.8082979216996049 1.1772352290427794 0 -0 -0 0.01
2.4125011302728638 1.9394099190221641 2.8041549075425065 0 -0 0 0.01
1.2897619473709447 1.6517063226772288 1.5630012445121535 -0 -0 -0 0.01
2.7961742809998777 2.4191667096829255 1.9468680921130987 0 0 -0 0.01
2.1250795073701059 2.8797255051092705 2.1719857512054075 0 0 0 0.01
1.1435114617616424 2.1782213917170887 1.7783604080221809 -0 0 -0 0.01
2.7734716917499602 1.7565892845008908 1.5994648766837485 0 -0 -0 0.01
1.9285222044205625 1.1389111846610993 2.2673583908316983 -0 -0 0 0.01
2.0581546666550228 1.3813110486032198 1.3344738648847163 0 -0 -0 0.01
2.3506105710131213 2.7726849544312806 1.6864020196553127 0 0 -0 0.01
2.5335394345161752 2.5234853355679401 1.489662551569491 0 0 -0 0.01
1.9737139490107514 2.1299526302944569 2.9021858409535195 -0 0 0 0.01
1.7304247406482565 1.5501483130508449 1.2537173728645854 -0 -0 -0 0.01
1.1916676073740546 2.408672585826392 1.9860452151795267 -0 0 -0 0.01
2.3291251500675081 1.3359213300511965 1.469487004666493 0 -0 -0 0.01
2.0721371030235094 2.7584604203735781 2.5013636329507181 0 0 0 0.01
1.879601054754275 1.9179568824717967 2.9009550948241545 -0 -0 0 0.01
1.1614701792643922 2.0607000827516258 2.3421185572149743 -0 0 0 0.01
2.7283921502829203 2.4125238927776507 2.3559173711351735 0 0 0 0.01
1.7453173328715927 1.143713087092407 2.1692107419592177 -0 -0 0 0.01
2.1909500300426279 1.2955217056079 2.5436241082878528 0 -0 0 0.01
2.1092650730487477 2.5237680643549254 1.2621283313297187 0 0 -0 0.01
2.0524220257253449 1.7222136194720232 2.8691883564206302 0 -0 0 0.01
2.4265258599051949 2.7964397635989027 2.1219220925030222 0 0 0 0.01
1.1078357274097326 2.1674404549799213 2.0607721200078504 -0 0 0 0.01
2.8347559754858329 2.3500803844506932 2.0981629204401262 0 0 0 0.01
1.2259128250264046 2.2095618578153049 1.5659104032552051 -0 0 -0 0.01
1.9819195735796009 2.4313981066244095 1.1935568711064275 -0 0 -0 0.01
1.8974695448511871 1.6584456911242995 1.1527882395285973 -0 -0 -0 0.01
1.459593598813568 1.3503111735596307 2.3436527171871724 -0 -0 0 0.01
1.0958411465715714 1.96629047200012 2.113774624088856 -0 -0 0 0.01
1.2694962097315732 1.8714759296203709 2.5340555527506896 -0 -0 0 0.01
1.7248658615111405 1.1274663257294901 1.9750903248549414 -0 -0 -0 0.01
1.6632446933549567 2.0673989714001642 1.1475085970397592 -0 0 -0 0.01
2.7580723306123849 1.7819523359774554 2.4643357950549092 0 -0 0 0.01
1.6330222761703233 2.8150885497888609 2.2064687751922234 -0 0 0 0.01
1.4946159469555602 1.2612695232709168 2.1913072371646489 -0 -0 0 0.01
1.7958236967344119 1.2992689995984967 2.5542761205408291 -0 -0 0 0.01
1.3787183179502684 2.6366881253089058 2.2255064069266277 -0 0 0 0.01
2.5424032525332825 2.0570457249482699 2.7416475614244304 0 0 0 0.01
1.8111582531254822 2.0920445687172493 2.8986748010849075 -0 0 0 0.01
1.4427440691083362 2.706628181032503 1.820272002376321 -0 0 -0 0.01
2.3152654181003745 1.5544466520165798 1.2547842779279545 0 -0 -0 0.01
2.6843681732540441 2.1502827394702515 1.4051008939856149 0 0 -0 0.01
2.2557368331481853 1.2123392439963003 2.3990281165096947 0 -0 0 0.01
1.9723905449265888 1.0818960940998621 2.0575453377713182 -0 -0 0 0.01
2.7941842534344152 1.9699679180951755 2.4639535984026044 0 -0 0 0.01
1.5729642099583379 1.3412359071990125 2.4792620027135825 -0 -0 0 0.01
2.0395317688260857 1.5325953278482669 2.7947798202964256 0 -0 0 0.01
2.5800708262205205 1.3797284303916972 2.3561404396086498 0 -0 0 0.01
1.5509151228722065 2.3490930388268945 1.2725721577280988 -0 0 -0 0.01
2.7441558801242705 2.5148312204337171 1.8318679472898118 0 0 -0 0.01
2.6571392152113287 1.3530937259741767 1.9809535390617143 0 -0 -0 0.01
1.3885565654330516 1.9007105090126053 1.3123287551148906 -0 -0 -0 0.01
2.1207803430808001 1.0844563294904983 1.959057307912744 0 -0 -0 0.01
1.9576959344449025 2.6927656814141958 2.6170837968148586 -0 0 0 0.01
1.7818753667298441 1.5077379069750558 2.7524742284114696 -0 -0 0 0.01
2.5242912508983397 2.5102679497471785 2.5703358556638967 0 0 0 0.01
2.7595998052042408 2.5174210446969565 2.0936233702955493 0 0 0 0.01
2.7860747942994668 2.2595604823584017 2.4140891250764009 0 0 0 0.01
1.7850953096172704 2.6167477711061942 2.6630092263405496 -0 0 0 0.01
2.1143272411722953 2.8517893986370417 2.3525740067079948 0 0 0 0.01
2.7514616150222873 1.8834483901007508 1.4700500771709053 0 -0 -0 0.01
1.6923930172075079 2.4899339462123073 2.730483346905658 -0 0 0 0.01
1.4265858321391645 2.3821310119098578 2.6245536439478157 -0 0 0 0.01
2.342218110291681 1.5871304088606064 2.7590933184041675 0 -0 0 0.01
2.3016408004512803 2.3965034941243188 1.2153575093498135 0 0 -0 0.01
1.6530429364065751 2.7804659167325552 2.3705150569503761 -0 0 0 0.01
1.48633222672342 2.6938956271240717 2.3474023828600763 -0 0 0 0.01
1.7690455584872695 1.9563128167371586 1.0959059246135032 -0 -0 -0 0.01
1.918701731999978 2.5767242961924044 1.2743036325947941 -0 0 -0 0.01
2.8000684609711164 2.0784401288896901 1.5341361611677364 0 0 -0 0.01
1.6468268474781298 1.1573747287426845 1.8183377935348395 -0 -0 -0 0.01
2.5266386839767128 1.2835651920936384 1.7199436276884243 0 -0 -0 0.01
2.3516483937094637 2.861821664252358 1.981221357503498 0 0 -0 0.01
2.1632418241686784 2.672565499110628 2.6307150783982065 0 0 0 0.01
2.2080472793207533 1.2164998322352831 1.5328189929358178 0 -0 -0 0.01
2.5461644691891223 1.2462517179052996 2.0494666946181197 0 -0 0 0.01
1.4340348409173123 1.38828438421121 1.5769494170559704 -0 -0 -0 0.01
2.8800216551466558 2.2525030276146065 1.8318696711679976 0 0 -0 0.01
2.1838619114382105 2.8554651603288939 1.6771104544801705 0 0 -0 0.01
1.9056452459107331 1.8431617103755853 1.0784959526325308 -0 -0 -0 0.01
1.4927051806281302 1.2529578380285809 1.7567770572142658 -0 -0 -0 0.01
1.7821101359246549 1.1615895575499415 2.3488693735112744 -0 -0 0 0.01
2.9065406846299986 2.2198430786395238 1.9971890197613078 0 0 -0 0.01
1.6040527514806522 2.3575909035191036 2.7736550518906635 -0 0 0 0.01
1.3210214918626801 2.6396781440321271 1.9379695223168061 -0 0 -0 0.01
2.0961333522267163 1.3531926939913754 2.6705690803182773 0 -0 0 0.01
1.5824679866421658 1.6631636669069156 2.7690631601605227 -0 -0 0 0.01
1.2165065503937464 2.4924769464958163 2.1410611307819241 -0 0 0 0.01
2.2205278438567717 1.8534698241426009 2.9031722887048299 0 -0 0 0.01
1.0961566913202208 1.7594848483602656 2.0161600076065471 -0 -0 0 0.01
2.142079220016631 2.1117932249404259 2.9259470817032658 0 0 0 0.01
1.3718985662597398 2.0727833849825439 1.3041969346033278 -0 0 -0 0.01
1.7641121850674257 1.3899236750766302 1.3195621531953343 -0 -0 -0 0.01
1.4168651286287219 2.4913005602643712 1.4519897027400399 -0 0 -0 0.01
2.030767264568444 2.0979790820346365 1.0617035548957185 0 0 -0 0.01
1.8503554200206196 2.2946597647364699 1.1169051475317362 -0 0 -0 0.01
1.3119243890292092 2.5392732277206926 2.3481206291253489 -0 0 0 0.01
1.3314346590219543 1.9640353638925796 2.661870783374364 -0 -0 0 0.01
2.0502226971799775 1.2345741708692235 1.4472045333581038 0 -0 -0 0.01
1.6493155754348749 1.67838437580737 1.1817946518678246 -0 -0 -0 0.01
2.5268142726750185 2.2201338429912711 2.7535342566034666 0 0 0 0.01
1.2996561003240388 2.349881201852138 1.4762844245864244 -0 0 -0 0.01
2.8473283933779494 1.7437874138522682 2.3199734772093557 0 -0 0 0.01
2.2401936671821794 1.6917957548982179 2.8611977091094087 0 -0 0 0.01
2.3928283012970448 1.9567385915242346 1.1394464266505144 0 -0 -0 0.01
2.4751997693504189 1.5585444575198797 1.3093525643682211 0 -0 -0 0.01
2.936451186013155 1.9082934201349711 2.0431692611073919 0 -0 0 0.01
1.9022031565988324 1.2957224811655994 1.3709344349348802 -0 -0 -0 0.01
2.0325701202917581 1.964052837405259 2.9483297455530728 0 -0 0 0.01
1.3247948240997305 2.611779234183258 1.7529350305433415 -0 0 -0 0.01
1.9290931797575537 2.8300433240835758 2.4546868001439388 -0 0 0 0.01
1.8130815870239425 2.7117873917717241 1.4058827645606184 -0 0 -0 0.01
2.2726029278957802 1.112331853119481 2.181225538833544 0 -0 0 0.01
1.8842851547215935 1.0955834002999354 1.7376263450627385 -0 -0 -0 0.01
1.6423121161702348 2.6778138450488953 1.4440579580688684 -0 0 -0 0.01
1.8101623197663894 2.4668120454417997 1.195831878368655 -0 0 -0 0.01
1.5212988565892824 1.9510721702902909 2.8194596600914301 -0 -0 0 0.01
2.1412590569039693 2.4022508713458084 1.1509642827799831 0 0 -0 0.01
2.5325019883045203 1.7589672418029729 2.7492842094903396 0 -0 0 0.01
2.5241465892822257 1.2464124150657869 2.2377461505616196 0 -0 0 0.01
2.5358562561271381 2.4092503159814904 1.3320786729995835 0 0 -0 0.01
2.077247887693586 1.9297498086618645 1.0509039142984118 0 -0 -0 0.01
1.662408822953624 2.8869156409458925 2.0532111082806042 -0 0 0 0.01
1.2196598971877914 2.3655807700859768 2.4009217637105698 -0 0 0 0.01
2.5504571558623876 1.4639220095061583 1.4353812146318696 0 -0 -0 0.01
2.6880282607591561 2.4543806112650342 1.5291018107703804 0 0 -0 0.01
1.599794390367834 2.856027671861963 1.8916136917344957 -0 0 -0 0.01
1.0926841304270298 2.2685418387156613 1.9174027603283315 -0 0 -0 0.01
2.2668573526771993 2.7695243524078372 1.5085918959768159 0 0 -0 0.01
2.6071033029012805 1.6464496689131103 2.6441519765980548 0 -0 0 0.01
2.3863905766490752 1.1803489623215342 2.2931677953984755 0 -0 0 0.01
2.0964148274272461 1.0801191743823284 1.7608517380467745 0 -0 -0 0.01
1.1875823582214746 1.5394076489493753 1.8121383393931079 -0 -0 -0 0.01
2.6525408544148088 2.6710867008713119 1.8250534310497082 0 0 -0 0.01
2.106852623640914 2.4437805293697852 2.8449349980002134 0 0 0 0.01
2.8952604474743255 1.9388993574527547 2.3221482969859415 0 -0 0 0.01
1.4758501927366812 1.7709549951625563 1.2304938235832577 -0 -0 -0 0.01
2.1685911836739677 1.4913079167500576 1.2020836825423793 0 -0 -0 0.01
1.3240355174985545 2.5395170963755396 1.5952991112331847 -0 0 -0 0.01
2.7096440987758759 2.3697764273241084 2.5260355008704862 0 0 0 0.01
1.9747789913423874 2.9401651761542786 1.8273825305753715 -0 0 -0 0.01
2.0948820026764055 2.8251067875877793 1.5262624820246795 0 0 -0 0.01
1.2092050254042861 2.5152691247003567 1.8493764332937643 -0 0 -0 0.01
1.4655345745587711 2.7739945968827375 2.1832678208088341 -0 0 0 0.01
1.6603674402937139 1.3847226424502126 2.6506178262896327 -0 -0 0 0.01
1.1348323973186383 1.6974292360393624 2.2720533522813051 -0 -0 0 0.01
1.5852928371819084 1.8967116960370727 1.1370141742934508 -0 -0 -0 0.01
1.3478674500879286 1.5198164358632333 1.482679900619523 -0 -0 -0 0.01
2.7440919860297046 1.407907997396026 2.1188583492922848 0 -0 0 0.01
1.2804644268657142 2.3100500456509838 2.5563254209656043 -0 0 0 0.01
1.344750830196118 2.2470766917972087 1.3419879029777073 -0 0 -0 0.01
1.0688137216160749 1.8320870563937499 1.8465443477164858 -0 -0 -0 0.01
1.2629210157504116 1.4915719293320207 1.6505097150646042 -0 -0 -0 0.01
2.6763374733922163 1.3462157641498456 1.8011360875008486 0 -0 -0 0.01
2.4978418420838961 1.8118436158048534 1.1949620674087447 0 -0 -0 0.01
2.591318292211187 1.4896739536876622 2.5612669990526413 0 -0 0 0.01
2.7882600425976327 1.5774523699238618 1.6446857008879214 0 -0 -0 0.01
1.5838966578733702 1.138914980438833 2.1037113758834431 -0 -0 0 0.01
1.2320283413216022 1.4238066387616846 1.9455936196284109 -0 -0 -0 0.01
1.2431112183313302 1.9702587758380381 1.4033653851491046 -0 -0 -0 0.01
2.1999564189082137 2.929931980143071 1.8483047520755875 0 0 -0 0.01
2.9596382874642249 2.0630350817559431 1.9960110822338757 0 0 -0 0.01
2.3727110352001923 2.2636733416925843 2.8551786039714724 0 0 0 0.01
2.2437392467214714 2.0233171179469482 1.0623925339365212 0 0 -0 0.01
1.4139386853921529 2.1115215225592072 2.7617039684127667 -0 0 0 0.01
2.8964919621661096 1.6544315648442216 2.0751082006837023 0 -0 0 0.01
2.5152390486461869 2.3993484569817998 2.7178881393575556 0 0 0 0.01
2.6009272686745302 2.2422564341783553 1.2825563564758178 0 0 -0 0.01
1.1177487942808289 1.7220116326281065 1.7233963558648377 -0 -0 -0 0.01
2.6759141515616029 2.6812322147486727 2.1122643122581906 0 0 0 0.01
1.7472689096315892 1.7784608680561405 1.0870739099244557 -0 -0 -0 0.01
2.3694570961092314 1.2743794186111714 2.5222481974695463 0 -0 0 0.01
2.1968446392973995 1.2872973547271869 1.3678685129359303 0 -0 -0 0.01
1.8640878696850871 1.4703883644463787 1.1936179787970604 -0 -0 -0 0.01
2.4493000994485725 1.461533396875546 2.6689891967627952 0 -0 0 0.01
1.3079156320787289 1.3282166993623417 2.0761061863800601 -0 -0 0 0.01
2.5967416521365174 2.6296922985267619 2.436394575905978 0 0 0 0.01
2.0840518356399969 1.0605124279935731 2.2239305892618941 0 -0 0 0.01
1.1649291368739219 1.7690415275097922 1.5637148260497502 -0 -0 -0 0.01
1.3283107630229272 1.7014504210659858 1.3628753295274176 -0 -0 -0 0.01
1.2714582972520176 1.5326094951810914 2.435659796937808 -0 -0 0 0.01
1.8900391326506882 1.5901286246039537 2.8758873109792034 -0 -0 0 0.01
1.6292460656375898 2.0916109023150131 2.8977777131433298 -0 0 0 0.01
1.0612274614030892 2.1105527252558587 2.2171880776697859 -0 0 0 0.01
2.3006843875074199 1.0749512428435728 1.9940539630806025 0 -0 -0 0.01
2.8585058970059949 1.5709818700902862 1.8495258288007217 0 -0 -0 0.01
2.7136247414772998 1.9946869974181236 1.3376761289906081 0 -0 -0 0.01
1.2811058385986402 1.4173544448253672 2.2950312043760244 -0 -0 0 0.01
2.2474248243918962 2.6485834458463229 1.3175280469611796 0 0 -0 0.01
2.2801211045657963 2.8536520417899194 2.3826156705768904 0 0 0 0.01
1.9217156983047283 2.325006503693789 2.9216069192827119 -0 0 0 0.01
1.512748279949403 2.7783457836771865 1.6757420876310685 -0 0 -0 0.01
1.1795163430869184 2.0302918188012229 2.5249417887504517 -0 0 0 0.01
1.8769166473210586 1.0346638764186169 1.9226475268500196 -0 -0 -0 0.01
1.640584166670872 2.5026714316992869 1.2435658149752278 -0 0 -0 0.01
2.7312488620390867 1.5422446836788157 2.4549242678152963 0 -0 0 0.01
1.3287976637511965 1.3443252773771186 1.7288357311202724 -0 -0 -0 0.01
1.9356502978310615 2.8900828191467705 1.6046812222853628 -0 0 -0 0.01
2.9440435526943038 2.1793321157431547 2.1661361576275588 0 0 0 0.01
2.1171801308518883 1.6726416603832344 1.0800184775943649 0 -0 -0 0.01
2.4087019000153487 2.5141871200622594 1.2755596006194176 0 0 -0 0.01
2.7871741125628806 2.3025612210485162 1.5074075574625208 0 0 -0 0.01
2.3300698980484289 2.6815777825585672 2.6263219709146259 0 0 0 0.01
1.4377107585353754 2.8001115138718267 1.9685065432416291 -0 0 -0 0.01
2.7439306829717887 2.5704157895895636 2.282447847258994 0 0 0 0.01
1.8082168930748177 2.9543696074370218 1.8919142551980059 -0 0 -0 0.01
1.4788303904477398 1.1716648744976941 1.9593862396761772 -0 -0 -0 0.01
1.26737417491397 2.1460932375145783 2.6360946518308577 -0 0 0 0.01
2.3993272084483728 2.2562633699609163 1.1396024609799964 0 0 -0 0.01
2.5663311985580854 2.7976132131812141 1.944235043877474 0 0 -0 0.01
2.1305545948100062 2.9727922982924686 2.0057587339606253 0 0 0 0.01
2.525943071504722 2.7624078305363819 1.6799080962623405 0 0 -0 0.01
1.0899339920336659 2.3446045959108304 2.1180432346838889 -0 0 0 0.01
2.828740418484359 2.4181992534323453 1.6858038899206345 0 0 -0 0.01
2.2782574906857707 2.4944680539040114 2.8089978582995982 0 0 0 0.01
1.9281907207990188 1.1395910734098176 2.4684729538189685 -0 -0 0 0.01
2.8728497177237982 2.1131302741469886 2.4375064261544308 0 0 0 0.01
2.9389512392045058 1.944187256089452 1.7186314603847432 0 -0 -0 0.01
2.4326194580460538 1.1355499333833021 1.8097463542757175 0 -0 -0 0.01
1.2034554414521319 1.6851579623850639 2.4818370505145353 -0 -0 0 0.01
2.282575862270392 2.9369353319799352 2.114681250859626 0 0 0 0.01
2.9632349761681578 1.8502639126643765 1.8740040514724896 0 -0 -0 0.01
1.5579365545092241 2.7218559264275992 2.510316559986177 -0 0 0 0.01
1.4634550969762792 1.4599814169396574 1.368482205040825 -0 -0 -0 0.01
2.6413093687841167 1.609665619363265 1.357014790183356 0 -0 -0 0.01
1.8394175578542349 2.5286547360470601 2.8241243883727418 -0 0 0 0.01
2.3748198331692403 2.891476977151517 1.8092655700854534 0 0 -0 0.01
1.3378658549110982 2.5054697031856383 2.5328770937873419 -0 0 0 0.01
1.1113840431354094 1.57489968175009 2.0174030552623141 -0 -0 0 0.01
1.8734868748606237 2.1341030132649452 1.0252431516362974 -0 0 -0 0.01
2.0221492027905161 2.7407157017646564 1.346689934125078 0 0 -0 0.01
2.7512364503877098 2.1967859374291949 2.6138067277294028 0 0 0 0.01
2.2209778414743826 1.464956651188162 2.8032398922887047 0 -0 0 0.01
2.4148727961527823 2.083544295330396 2.8988675147796901 0 0 0 0.01
2.7697855563308256 1.8958665113877964 2.6137486875313369 0 -0 0 0.01
1.6542660322382863 1.2030624798113405 1.5189465540006974 -0 -0 -0 0.01
2.9115000529253763 1.7408674588422524 1.7173814216273335 0 -0 -0 0.01
2.4467254379096097 2.8172699998509829 2.3419150906341111 0 0 0 0.01
2.5082731092701005 2.6932073504154763 1.5101550799736572 0 0 -0 0.01
1.6582794508260472 2.8282916912420735 1.5779469067354044 -0 0 -0 0.01
2.07043740288852 1.1946785573994885 2.5734701940147069 0 -0 0 0.01
1.4220504529157152 1.7407300763211171 2.7641355518689474 -0 -0 0 0.01
2.5965109935954303 1.3325030792250727 1.5677846770983348 0 -0 -0 0.01
2.3253397041635298 1.1323479493603892 1.6373713877992844 0 -0 -0 0.01
1.7064719893530205 1.8988202105932934 2.9468905105882759 -0 -0 0 0.01
1.9644097993218905 2.9907581350874501 2.0709511800642071 -0 0 0 0.01
1.5156943918801078 2.1926617331855542 1.1511473337887135 -0 0 -0 0.01
2.9536880126380445 1.7968551038723508 2.1814591092183946 0 -0 0 0.01
1.0583783390903561 2.0016470935182284 1.6858939286653543 -0 0 -0 0.01
1.8516901804711545 1.1137406119201771 1.5661867933190865 -0 -0 -0 0.01
1.0735648052108597 1.9006936806316106 2.3427645799073473 -0 -0 0 0.01
1.3802774175252772 1.4527163126774614 2.5515397984319557 -0 -0 0 0.01
2.4452755948541833 1.1173465498110757 2.1148762847477212 0 -0 0 0.01
1.1102017614739492 2.3271668925350735 1.7006745362232158 -0 0 -0 0.01
1.0091392939499262 2.0017657632593133 1.9241853397429445 -0 0 -0 0.01
1.6701328388135741 1.1918072236622217 2.4784341589397401 -0 -0 0 0.01
2.7325318447549702 2.5836323733960933 1.6650219420149976 0 0 -0 0.01
1.7837363038812466 2.895352696929641 2.3893244942742164 -0 0 0 0.01
2.7459400619823953 1.4140561143440857 2.3047610168991981 0 -0 0 0.01
