1000
1.9749808409317793 1.9606452790994371 1.9360342081301591 -0 -0 -0 0.002
2.0135365555969749 1.9616284403357498 2.1069080490338976 0 -0 0 0.002
1.985218447382151 2.1287805325277946 1.9598054448444326 -0 0 -0 0.002
2.1346842964138881 2.0554675167851317 2.0437236493848006 0 0 0 0.002
1.8396498865685988 2.0356207546977902 2.0155144434390784 -0 0 0 0.002
2.1247230113967608 1.9761134301383019 1.877807528383415 0 -0 -0 0.002
2.1412134676182006 1.8908775042478769 2.0535889697854453 0 -0 0 0.002
1.9951068300879031 2.0407236271250522 1.8088412366867452 -0 0 -0 0.002
2.030756639909121 2.1251875123579023 2.1573840972344218 0 0 0 0.002
1.8496454155202848 1.8747734877840376 2.0826691450825194 -0 -0 0 0.002
1.9969668012677035 1.7817491303901742 2.0165156322835132 -0 -0 0 0.002
2.0515454499005403 1.8383910483961177 1.8525666108843706 0 -0 -0 0.002
1.8722741465416022 2.1649192959178647 2.0995782222812505 -0 0 0 0.002
1.8095019223817972 1.9615863603536416 1.862429471725209 -0 -0 -0 0.002
1.9673523160415665 2.0077172515163721 2.2409748156524021 -0 0 0 0.002
1.8814024490288741 1.8056551748646332 1.898463288699985 -0 -0 -0 0.002
1.9547001925916432 1.9118805823152927 1.7663285020118764 -0 -0 -0 0.002
2.0939736719878277 2.2388877869902437 2.0398572704913231 0 0 0 0.002
1.8340775079835339 2.1604148670066068 1.8714565759427209 -0 0 -0 0.002
2.1060758813658094 2.1712650010289702 1.8206284573560636 0 0 -0 0.002
2.2211407324847858 2.1459694469437784 1.9282048673597323 0 0 -0 0.002
1.9836007362706025 1.7901425199726269 2.182169373360173 -0 -0 0 0.002
2.1915708962156377 2.0552187022052006 2.1996273882048514 0 0 0 0.002
2.0915167266742936 1.9052060400199948 2.2540393883460137 0 -0 0 0.002
2.1578948554457842 1.7622038469856498 1.9518732158980463 0 -0 -0 0.002
2.280704051094093 2.0134894604992799 2.0881942396211568 0 0 0 0.002
1.9215992644351108 2.283928402475059 1.9565559320719252 -0 0 -0 0.002
2.2924602636072544 1.9828436447591191 1.9270651455024042 0 -0 -0 0.002
1.808220947921217 1.9438507390517528 2.2311102554831717 -0 -0 0 0.002
1.7294529033022235 1.8511900228293732 1.9757523979892879 -0 -0 -0 0.002
1.734040376317094 2.0637279246958182 2.1501505861512884 -0 0 0 0.002
1.7024270989439676 2.0946989228456063 1.9545579370023121 -0 0 -0 0.002
1.8432450440790356 2.0591617020955657 1.7288348692298219 -0 0 -0 0.002
1.8463539786110581 2.1003136974949892 2.263740503397238 -0 0 0 0.002
1.851554831077856 1.7306944751099764 2.1094186132664277 -0 -0 0 0.002
2.1165766520347868 1.9247583178395451 1.7031937469429539 0 -0 -0 0.002
2.2427259254287804 1.8844952581857728 2.1939033697783614 0 -0 0 0.002
2.2278611024613362 2.0699392551140154 1.7646913981406391 0 0 -0 0.002
2.0957773671945152 2.3107142220672534 1.906597041993694 0 0 -0 0.002
1.9811314322126503 2.3218638073341675 2.1070510147849726 -0 0 0 0.002
1.9293935438587053 2.2347648976986783 2.2383940380031726 -0 0 0 0.002
2.2034512287666712 1.8116904943866305 1.7948740391215894 0 -0 -0 0.002
1.7241272584229612 1.8286703967251736 2.1304195486330855 -0 -0 0 0.002
1.9674747308870266 2.169712297041348 1.6937316206930719 -0 0 -0 0.002
2.1980814886090529 1.7331266103692868 2.1214339434284413 0 -0 0 0.002
1.7578714222411049 2.2599711451682754 2.0223849929431199 -0 0 0 0.002
2.0563422458461504 1.652126657538181 2.0702732528593324 0 -0 0 0.002
2.3106334295938011 1.8168808356112798 1.9759194660256472 0 -0 -0 0.002
2.2386630599333301 2.2746621267845031 2.0343841400471088 0 0 0 0.002
2.1975269129740114 2.2577824268063424 2.1712645676073681 0 0 0 0.002
1.9375507871273954 1.6492627980836809 1.903011706387526 -0 -0 -0 0.002
2.1148671312931775 2.0886802219705158 1.6575848177121584 0 0 -0 0.002
2.040825005874074 1.7000903115289367 1.7819908466543737 0 -0 -0 0.002
1.9150738136756262 2.2863374508126597 1.770235176962706 -0 0 -0 0.002
2.1322332835260247 2.1839905403231183 2.3029065441320733 0 0 0 0.002
1.8387237936320975 1.7836459155479718 2.2706034593113138 -0 -0 0 0.002
2.1008624654567463 2.0555772020992293 2.3651036168598334 0 0 0 0.002
1.6284182239037213 1.970285354228045 1.8987340126437844 -0 -0 -0 0.002
1.7716956772718269 1.7544500904594291 1.8044223007489997 -0 -0 -0 0.002
1.7992552324891289 1.8647552772681955 1.694456776229663 -0 -0 -0 0.002
1.612495373042663 1.9655958922426753 2.0558149501557934 -0 -0 0 0.002
1.9641055345004357 1.8551246111542099 2.3653211001892855 -0 -0 0 0.002
2.3161841310442552 1.9305842456009072 1.7714617869941145 0 -0 -0 0.002
2.1266604694067257 1.7517151009663841 2.2852670577651222 0 -0 0 0.002
2.3647157979664124 2.1626580091085441 2.0455765660536382 0 0 0 0.002
2.0513237548305909 2.2903406177328889 1.7243114151481547 0 0 -0 0.002
2.2783292145712148 2.2766080394875283 1.8941482183745304 0 0 -0 0.002
1.782792386548302 1.6548308163221446 1.9897744034191633 -0 -0 -0 0.002
1.6890955648062771 1.9825981947141129 1.7348567800312384 -0 -0 -0 0.002
2.1307500295923809 1.626457852018119 1.8937133679360072 0 -0 -0 0.002
1.9428373156095506 2.0222012566996077 2.4075392592318976 -0 0 0 0.002
1.9628379415267172 1.7727686221952916 1.6564285917149939 -0 -0 -0 0.002
1.7501211130848235 2.2462573200801552 2.222302002314458 -0 0 0 0.002
1.7730784566690372 2.3211272121483857 1.8573998211202802 -0 0 -0 0.002
1.6214271286840722 2.1650875472627509 2.0763956642291208 -0 0 0 0.002
2.2576848013340953 1.9727920269720947 2.3333692808405391 0 -0 0 0.002
2.0087032113062389 2.1947743735985621 2.3753543922585005 0 0 0 0.002
1.7128985156621803 2.1743283224517023 1.7380349598111762 -0 0 -0 0.002
1.6625632403182371 2.2407286658588688 1.8954907449392016 -0 0 -0 0.002
1.911645421960076 1.9585513238718115 1.5822674806821402 -0 -0 -0 0.002
1.8306425983983086 2.3781949433717116 2.1158504499799617 -0 0 0 0.002
2.0545352378526438 2.3227482294082833 2.2823344200476443 0 0 0 0.002
2.405733694464407 1.8801809851587383 2.1015675759721515 0 -0 0 0.002
2.284191091635269 2.2075977081429574 1.7391184404251261 0 0 -0 0.002
1.6431114966241114 1.8461131881877635 1.7956214531457788 -0 -0 -0 0.002
2.1021420793500276 2.40657372151921 2.1341507177440762 0 0 0 0.002
2.1194269320801453 1.8924979739040453 2.4114855670526172 0 -0 0 0.002
1.6942860824446906 2.0821105378662974 2.3099784206266478 -0 0 0 0.002
2.4451321145838776 2.0297179440180826 2.0014519713944163 0 0 0 0.002
1.6282362438757534 1.9293608709508505 2.2392577321834044 -0 -0 0 0.002
2.2336541599430841 1.6184764698384697 2.0201883339947582 0 -0 0 0.002
2.0147005115147105 1.6297961951077475 2.2571185701475001 0 -0 0 0.002
2.1318789466511467 1.7735866983621218 1.6337132326922075 0 -0 -0 0.002
2.3939129395505021 2.0175985593094783 2.2249246644619296 0 0 0 0.002
2.3427084001371705 2.1879322610430809 2.2342820270677359 0 0 0 0.002
1.9389200890839478 1.5474847833976997 2.0225935511091602 -0 -0 0 0.002
1.9482321527489423 2.4401215959321743 1.8820951266884915 -0 0 -0 0.002
1.802404298757935 1.9107746056037203 2.4057960842323882 -0 -0 0 0.002
1.637459448463007 1.7227689914801001 1.9231785092266092 -0 -0 -0 0.002
1.9549737203105844 2.0997008679824161 1.5502938317684007 -0 0 -0 0.002
1.8353178067967619 2.2212245448624817 1.62604887078116 -0 0 -0 0.002
2.1584287397157715 2.2211981349809347 1.6204678700010673 0 0 -0 0.002
1.8376452965220158 2.1765890400423071 2.3997828988564649 -0 0 0 0.002
2.2753366649223561 1.9850661246996906 1.6207989938486607 0 -0 -0 0.002
1.8879219881245832 1.5758610053044155 2.1737631598382792 -0 -0 0 0.002
1.8880759956894126 1.6327783038634334 1.7263168220120502 -0 -0 -0 0.002
2.3614073239734568 1.7651566818325639 1.8062481588714436 0 -0 -0 0.002
1.5713466552489135 2.1079635343098451 1.8254096973060538 -0 0 -0 0.002
2.1880535006884214 1.6491134511795118 1.7410719996169486 0 -0 -0 0.002
1.5612235911227066 1.8152046568161537 2.0579557224287375 -0 -0 0 0.002
2.1097430893433016 2.466560810997104 1.9694898445023501 0 0 -0 0.002
2.088196242138332 1.9842512144862254 1.5282000074998614 0 -0 -0 0.002
2.4594717781620363 1.8838149469432981 1.9104374518257587 0 -0 -0 0.002
2.2144064776419756 2.3639412818152938 1.7607267268505646 0 0 -0 0.002
1.775909216924231 1.5968685140247767 1.8477275269963473 -0 -0 -0 0.002
2.2635977350570164 2.4097807855667215 1.9702427472403878 0 0 -0 0.002
2.4257748816446578 2.195017803616417 1.856903406235527 0 0 -0 0.002
1.7473085771401167 2.0628244527854855 1.5858528172300805 -0 0 -0 0.002
2.3894428278795878 2.0711983206740032 1.7087175983503309 0 0 -0 0.002
1.8197887819328378 2.4571277155649907 1.9909665502389704 -0 0 -0 0.002
1.9659538487811483 2.4906963105079947 2.0365462867405708 -0 0 0 0.002
1.8533110401175872 2.3691375229342082 2.2922969573533063 -0 0 0 0.002
2.173164573312552 1.5660949382032738 2.1670623295393638 0 -0 0 0.002
2.3675372297832227 1.8583492269634594 2.3041006620095463 0 -0 0 0.002
1.5427735700701846 2.0480939038927417 2.1943182988622603 -0 0 0 0.002
1.6312886295128972 2.3132273331789155 2.1225256692400509 -0 0 0 0.002
2.2688184063661825 1.6879184633539412 2.286154414721107 0 -0 0 0.002
2.0384320492295824 1.8619770301592178 1.519267184612153 0 -0 -0 0.002
2.4808044438875756 2.0522173560552268 1.8539800509832369 0 0 -0 0.002
2.4022390264763498 1.7500312256181831 2.1761898220918825 0 -0 0 0.002
2.0080622628525884 2.2896936845766951 1.5834042187895325 0 0 -0 0.002
1.7544055757099806 1.6289413225494775 2.2489992547924826 -0 -0 0 0.002
2.0643308020654239 2.4523991578833084 1.7723159362972023 0 0 -0 0.002
1.6730817040644541 1.801320071385196 2.3402032457746391 -0 -0 0 0.002
1.791967805672364 1.7170452200708908 1.6282735831546014 -0 -0 -0 0.002
2.3899044420055602 1.668197748808953 2.0211196636553903 0 -0 0 0.002
1.5931708072390962 2.1934913668434524 2.2465623882406032 -0 0 0 0.002
2.3106650226695882 2.1356429689904419 2.3885152971413133 0 0 0 0.002
2.20802083544634 1.7600210626111714 2.4080032939738336 0 -0 0 0.002
2.310636578345227 2.3863708108910351 2.1541781978801287 0 0 0 0.002
1.6206399651758563 1.6997887922297519 2.1945507431169924 -0 -0 0 0.002
2.3158127784269822 1.6088935578525148 1.8699652883817719 0 -0 -0 0.002
2.3073129723649175 1.7988368706337612 1.6311399020690784 0 -0 -0 0.002
2.4104122874850327 2.3265022798727921 2.0225824607563609 0 0 0 0.002
2.0885598370834004 1.4844175374684681 2.0312108094305268 0 -0 0 0.002
2.4406932581310614 1.8766393879377197 1.7425005799989379 0 -0 -0 0.002
1.6631700393867079 2.402933656127054 1.9740531759323685 -0 0 -0 0.002
2.0538625401990624 1.7449457471328074 2.4594962900129653 0 -0 0 0.002
1.6236392007743123 1.6283589452355489 2.0477426363986586 -0 -0 0 0.002
1.5071544262984022 1.8293914286753117 1.8967534311584373 -0 -0 -0 0.002
2.1710504600052456 2.2066132430041097 2.4578207233084473 0 0 0 0.002
1.5072300301447727 2.2007064441752573 1.9812455667115378 -0 0 -0 0.002
2.036002046062249 1.4889216445110494 1.8531019659316648 0 -0 -0 0.002
1.9200049463085034 1.6187843037273548 2.368466178364288 -0 -0 0 0.002
1.6458972347726522 1.8398112873760937 1.6305453671079198 -0 -0 -0 0.002
2.0426900659500653 1.6123776299187513 1.6328296820211941 0 -0 -0 0.002
2.0005556823363322 1.941551474507778 2.5348284974066084 0 -0 0 0.002
2.0234814092851487 1.4878190932611646 2.1700504260116378 0 -0 0 0.002
2.2981258783710352 2.3222394792626613 2.3159495087984414 0 0 0 0.002
2.0236124288474668 2.1144464497077906 2.5279378173266576 0 0 0 0.002
1.7412871330035151 2.3606576863060833 1.6871678979337597 -0 0 -0 0.002
1.8819104820898021 2.4553467908361122 1.7256861446041152 -0 0 -0 0.002
1.9876504464306923 2.4806565184718008 2.2545927758459055 -0 0 0 0.002
1.8845031713569824 1.76344663787469 2.47954970657202 -0 -0 0 0.002
1.7625726570490501 1.5080116899039502 2.0545954846954331 -0 -0 0 0.002
2.4936201616227014 2.1696349770729562 2.1727126172901658 0 0 0 0.002
1.452672445322635 1.9815130703801653 1.9430347111774164 -0 -0 -0 0.002
2.3218990938926232 1.5810129668351669 2.1537836978158715 0 -0 0 0.002
1.7617531458569093 1.8641506899864653 1.5218006092894758 -0 -0 -0 0.002
2.1909592458325746 1.8685284553418726 1.4994069250622841 0 -0 -0 0.002
1.8583061929277396 2.0450011862031814 2.5328084446407102 -0 0 0 0.002
2.5362818294380007 2.14357417973044 2.0403554966892705 0 0 0 0.002
2.1049891502249856 2.1588095089022468 1.4771546748184798 0 0 -0 0.002
1.6978660449698353 2.0297464259339852 2.4667481357047354 -0 0 0 0.002
1.4513254069240564 2.0895959236877308 2.0550015261424246 -0 0 0 0.002
1.7603728150733535 1.6863546946122685 2.3985447331530008 -0 -0 0 0.002
2.1631855107259872 2.0458753992101673 2.5334803470448333 0 0 0 0.002
1.692249305983605 2.2468939854129837 2.3972698819638141 -0 0 0 0.002
1.8697232822301304 1.460955008302983 1.9035612902172527 -0 -0 -0 0.002
1.6400812605943371 1.681730453400466 1.7043938544032677 -0 -0 -0 0.002
2.2959167899463933 1.9170351893053803 2.4735098428518372 0 -0 0 0.002
1.9476957676418063 2.3847525759845891 2.4089271269088051 -0 0 0 0.002
1.5675235938427372 2.0035518415174112 2.3665077952624669 -0 0 0 0.002
2.3692789278769442 2.3862069611822982 1.8014497299658991 0 0 -0 0.002
1.476279486750443 1.969011271773939 1.7783370632594895 -0 -0 -0 0.002
2.4073932887808636 1.9967758168839329 2.3985772624350132 0 -0 0 0.002
1.5726282412794541 2.2672384278028934 1.7323018625511437 -0 0 -0 0.002
1.7574478730297467 2.489083070865806 1.8306549814431261 -0 0 -0 0.002
2.2342335572574097 1.4848160842768059 1.9195246401008683 0 -0 -0 0.002
1.8656536963231201 2.3889694237346899 1.5992976631126565 -0 0 -0 0.002
2.5498210546649061 2.0157142485704176 2.1700925970124882 0 0 0 0.002
1.5491663643140903 1.9899708766211019 1.641333248705414 -0 -0 -0 0.002
2.149943448888787 2.3806216764024679 2.4054218786179273 0 0 0 0.002
2.5169334898243427 1.7508191982922885 2.0656124607449637 0 -0 0 0.002
1.4759726735777261 1.9190227418927235 2.2351089567339435 -0 -0 0 0.002
2.1545355100490076 1.5525212700458602 2.3355972036453174 0 -0 0 0.002
1.9074347568899683 2.2499697200325217 2.5141059455578167 -0 0 0 0.002
2.5696314600665295 1.888588232033837 2.0455590774335857 0 -0 0 0.002
2.2316780008549477 2.0546818007711778 1.4681541638093702 0 0 -0 0.002
1.970068070841652 1.6984248501524852 1.5029040966869232 -0 -0 -0 0.002
1.9405215055016722 1.4722001033132743 1.75720135944144 -0 -0 -0 0.002
1.7581450541515455 2.4887296157027516 2.2090797483981319 -0 0 0 0.002
2.2986409951022511 2.3332116655303201 1.6176716181330866 0 0 -0 0.002
2.520786930358252 1.8521163697677516 2.2292073356410773 0 -0 0 0.002
1.7812382062509082 2.1730311603514991 1.4817315374989808 -0 0 -0 0.002
1.6739104799518811 2.2473200826107536 1.575575634377488 -0 0 -0 0.002
2.2395555052589877 2.5172802692053322 1.8385454770541647 0 0 -0 0.002
2.2250298940665347 2.5349419036731975 2.1183498682587039 0 0 0 0.002
1.9601240553417845 2.0221416206426341 1.409960761899117 -0 0 -0 0.002
2.1757772426438975 2.4929452244431962 2.2790866817269375 0 0 0 0.002
2.4136924267840567 2.2171504815369603 1.6300892632402131 0 0 -0 0.002
1.7864427420809352 1.9981676603865157 1.4449236316293006 -0 -0 -0 0.002
2.3441523362081291 1.6372683909612398 1.6787239674909227 0 -0 -0 0.002
1.6283622826167115 1.5372649379230765 1.9205653942631216 -0 -0 -0 0.002
1.5226325709434994 2.3360210041057354 1.872222486252983 -0 0 -0 0.002
1.5081783569164924 1.7999385230023928 1.7206874682317452 -0 -0 -0 0.002
2.5253979059008658 1.7466202946898433 1.862872991264602 0 -0 -0 0.002
1.6735112574034807 2.3934734607631594 2.3118733448587938 -0 0 0 0.002
1.9232069959600757 2.2170760539376011 1.4438626057792292 -0 0 -0 0.002
1.8916728996573529 1.8561537200063192 1.4260415357690501 -0 -0 -0 0.002
2.0324080981977599 2.4630568743941699 1.6122422068399889 0 0 -0 0.002
2.1256548794535051 1.4837885676973921 1.7152808123270273 0 -0 -0 0.002
1.841548077836153 2.5773519540993921 2.0828622822037706 -0 0 0 0.002
1.5424872165092283 1.6435283489426342 1.8183481489626203 -0 -0 -0 0.002
2.0869983900875098 2.5820469182225185 1.845663600554706 0 0 -0 0.002
1.8348429238252408 1.882861052495298 2.5734863578150611 -0 -0 0 0.002
2.0512840741889979 2.5906092396611804 2.1383100612468393 0 0 0 0.002
1.9095717947071438 1.4023072868013626 2.0880326372168918 -0 -0 0 0.002
2.1795089234736014 1.6740342609239725 1.5182292341028565 0 -0 -0 0.002
1.6200089917682265 2.4214636454582577 1.7725485403336849 -0 0 -0 0.002
2.1393374337359155 2.3786252816715026 1.5371622116447248 0 0 -0 0.002
1.4918702191088231 2.3403997390333808 2.0346811362905299 -0 0 0 0.002
1.5022866473091403 1.7586486127412244 2.2719025384968239 -0 -0 0 0.002
2.074115717910558 2.3153731362935854 2.5212427527705543 0 0 0 0.002
2.4652455265682769 2.3399281087100241 2.2218574833842046 0 0 0 0.002
1.6338230712388109 1.8732214638284204 2.4810250897834094 -0 -0 0 0.002
1.4617368561269322 1.6943856154078771 1.9652331531150107 -0 -0 -0 0.002
2.1621195484508964 1.8714787568228626 2.5828701967846786 0 -0 0 0.002
2.6184079049515421 2.0422268802154164 1.9650744015644754 0 0 -0 0.002
1.9306560621638196 1.4643361309512168 2.3081909492288069 -0 -0 0 0.002
1.7514855641568581 2.177802906415002 2.5392487693095775 -0 0 0 0.002
1.4052976813374383 2.139310157149696 1.8799461823326018 -0 0 -0 0.002
1.5453380668119354 2.1623399347166017 2.3924348071465613 -0 0 0 0.002
1.6251379191236297 1.5336168079925567 2.185091842758232 -0 -0 0 0.002
1.777959747084084 1.4614382259094245 2.2312108266348107 -0 -0 0 0.002
2.5160012071185665 2.3407218839419883 1.8899752256315228 0 0 -0 0.002
2.4745951034591229 1.9672731383017805 1.5924081141245519 0 -0 -0 0.002
1.4473924985305899 2.1190553833629417 2.2715342915249215 -0 0 0 0.002
2.2658384814641783 2.4786006541855077 1.6875932057887197 0 0 -0 0.002
2.2399293779553484 1.4278153761148307 2.0999365468812168 0 -0 0 0.002
2.2555960406278657 2.2268911745260773 1.4698289084839817 0 0 -0 0.002
1.3787583260190759 1.9477977336771155 2.1031676602281175 -0 -0 0 0.002
1.6011343442300405 1.652889682978945 2.3492588244514612 -0 -0 0 0.002
2.3925390623008291 1.765123162316792 2.4365760519988453 0 -0 0 0.002
2.5541469368835248 2.1449246789311638 1.7264768192369031 0 0 -0 0.002
1.6070523014778308 2.4673812927951673 2.1641049667050796 -0 0 0 0.002
1.4458496035325459 2.1342741376883216 1.7203131945079473 -0 0 -0 0.002
2.5471113092889857 2.1067774727877167 2.3072160878523817 0 0 0 0.002
2.4285273223548414 2.4711191290774903 1.9498973359388929 0 0 -0 0.002
2.3080456942632792 1.587020840556735 2.3751799745427693 0 -0 0 0.002
2.601056964344993 1.9527853319574671 1.78948074292607 0 -0 -0 0.002
2.1082869855909836 1.9338174555314636 1.3749523669010371 0 -0 -0 0.002
1.7539259333825619 1.5506911105781043 1.6175087876942427 -0 -0 -0 0.002
1.5096543481173454 2.3304758563144672 2.2425354003341313 -0 0 0 0.002
1.4139610360774562 1.7690575674535964 2.1315280102410368 -0 -0 0 0.002
2.4816489415243925 1.6914795195865708 1.7112914801846901 0 -0 -0 0.002
2.3724895542323847 1.9164166427468805 1.4835823811609403 0 -0 -0 0.002
2.3042938209908774 2.5688490967386453 2.0197494235862483 0 0 0 0.002
1.8065634354528217 1.6972069814083148 1.466212699046336 -0 -0 -0 0.002
1.4288594215101522 2.2639447781853796 2.1403115162336319 -0 0 0 0.002
2.5182772303290082 1.6182013110041527 1.9575696105022522 0 -0 -0 0.002
1.9908090966494938 1.3541788330626985 1.9633921481401742 -0 -0 -0 0.002
1.3714821131873869 1.8365633805061854 1.9876817837742551 -0 -0 -0 0.002
2.1638566758832218 1.6184036882965542 2.4987169769607696 0 -0 0 0.002
1.6317233033523908 1.5233867796658243 1.7551012184853989 -0 -0 -0 0.002
1.7842781574699402 1.4401020232975441 1.7495913196290329 -0 -0 -0 0.002
1.7894025984267556 1.5006439669046776 2.3641346813651869 -0 -0 0 0.002
2.0788700484206548 1.3643577541235237 2.1212535608867538 0 -0 0 0.002
2.1238563715715912 2.6413875319462616 1.9909972013664439 0 0 -0 0.002
2.5582028037177551 2.3397684949520867 2.0509808134455159 0 0 0 0.002
1.5918329139178256 1.9857802822127868 1.4892916634356748 -0 -0 -0 0.002
2.0376669792301776 1.5148099460499536 2.4396237178370557 0 -0 0 0.002
2.3937791453809338 2.1230610931965765 1.4896251275097667 0 0 -0 0.002
2.3698005981587307 1.4670120858869049 1.910862343828944 0 -0 -0 0.002
1.7780696458526646 2.444666587343082 2.4263859479976908 -0 0 0 0.002
2.2319231816427965 1.5394508499727424 1.5951564116939885 0 -0 -0 0.002
1.7096486341111585 1.4100474305581661 1.9422688737653766 -0 -0 -0 0.002
2.394000071919018 1.4756809132504722 2.057929636996676 0 -0 0 0.002
2.1115779106835455 1.7694150484023983 1.393545921848212 0 -0 -0 0.002
1.5220313297014876 2.1894967694656922 1.5845939025506166 -0 0 -0 0.002
1.9024611907549216 2.5661911379406801 2.3246240300136436 -0 0 0 0.002
2.5201642342842989 2.2984604918155354 1.7130906087181501 0 0 -0 0.002
1.9627326864860588 1.6231091308931129 2.5456503451961874 -0 -0 0 0.002
1.9633720419240688 2.6029951643389584 1.7222511859806855 -0 0 -0 0.002
1.4729086020352411 1.6071576736613584 2.1148584904006329 -0 -0 0 0.002
2.3378550938293561 2.5190241305971592 2.245671317522548 0 0 0 0.002
1.9468084401576253 2.6534738408384957 1.8796998749090443 -0 0 -0 0.002
2.448677271812143 1.7800487608030076 1.5602340754193644 0 -0 -0 0.002
1.7274369600042543 1.73843247140038 2.5519759511107867 -0 -0 0 0.002
1.9225791053126713 1.5676199871004082 1.4982897789818743 -0 -0 -0 0.002
2.4760432406122916 1.5846959163515209 2.2194643562340746 0 -0 0 0.002
2.4365126467722296 1.5491726314808187 1.7707512971384798 0 -0 -0 0.002
2.0601648330198961 2.5198309293422341 2.4171517804563605 0 0 0 0.002
1.9301262828237924 2.0044689589046447 2.6669132987379469 -0 0 0 0.002
2.2682802951485619 2.3381033062773051 2.5143233159468577 0 0 0 0.002
2.3057703021219091 2.0158344766315386 2.5987013335997462 0 0 0 0.002
2.1264022232306132 2.5877406042769984 1.6922128577895146 0 0 -0 0.002
2.1697871633169323 1.4011977347550919 2.2603040401866532 0 -0 0 0.002
2.3974682172208222 2.4274956163751775 1.655867588763007 0 0 -0 0.002
2.0644618392473069 2.3072762481677866 1.4006770736667957 0 0 -0 0.002
2.5732573217003529 1.9426604074664315 2.3555649173875386 0 -0 0 0.002
1.765218161828481 2.5699519882153696 1.7191552375168775 -0 0 -0 0.002
1.6348547494442081 1.6705861452913835 1.5334925605400187 -0 -0 -0 0.002
2.6444491667455328 2.1580532749941046 1.8484826875141662 0 0 -0 0.002
2.4725792909795028 2.4692470734538059 2.1436025840139736 0 0 0 0.002
2.1394610363329067 1.3445442164954349 1.890062166471949 0 -0 -0 0.002
1.7838299151238635 2.6420324521560032 1.9380186338959238 -0 0 -0 0.002
2.161416274891423 2.1993175796443083 2.6301650736036462 0 0 0 0.002
2.2578014534465312 1.7589423999865388 2.5839521271572559 0 -0 0 0.002
1.9114611250362281 1.4529077958158287 1.6029835461144373 -0 -0 -0 0.002
2.2902669876141815 1.4334193326572215 1.7561951925765089 0 -0 -0 0.002
2.4726181788417239 1.6691329497662544 2.3681347789068821 0 -0 0 0.002
2.3202564343220198 2.1872736796572969 2.5753272833852621 0 0 0 0.002
2.132683348327328 2.0960871954579723 1.334251740897568 0 0 -0 0.002
1.3720734583303116 2.2754614328137954 1.9730422911641792 -0 0 -0 0.002
1.8242535398914637 2.3327758268326706 1.4245386609714987 -0 0 -0 0.002
1.6299009234197535 2.5708675543435549 1.9038553531255862 -0 0 -0 0.002
1.6095464648167572 2.1453047230957005 1.4517385044924267 -0 0 -0 0.002
1.6571898273067518 2.5923684821099933 2.0691679067037692 -0 0 0 0.002
2.1064243945222141 1.7247803995484923 2.6240820630822048 0 -0 0 0.002
1.7004677236430084 2.0340797207768824 2.6207097168681726 -0 0 0 0.002
1.7033731476164937 2.3987845657362166 1.5189826328353213 -0 0 -0 0.002
2.5897926579381245 1.7036609988576328 2.2078385415791653 0 -0 0 0.002
1.9824002091195854 2.205229687745391 2.6597552365270838 -0 0 0 0.002
1.349872089591887 1.841672678183454 1.811933796370629 -0 -0 -0 0.002
2.3467168591326812 1.4479124169817217 2.2376565933312267 0 -0 0 0.002
2.5920508795553481 1.8203768737427453 1.6847660983513062 0 -0 -0 0.002
2.3044533997053489 1.7519940006098906 1.4281033456523753 0 -0 -0 0.002
1.5883016906620862 2.1169666497780146 2.5480237049656145 -0 0 0 0.002
1.525836296312721 1.805002332990441 1.5274977615979877 -0 -0 -0 0.002
1.9377642380404905 2.668767119796307 2.1847816925836896 -0 0 0 0.002
1.5838323840919681 1.4381135852585099 2.0461544861581955 -0 -0 0 0.002
1.4327670945636064 1.9163550720021485 2.4016209151578867 -0 -0 0 0.002
1.9672586155477867 2.4335279611448839 1.4505329108626397 -0 0 -0 0.002
1.8828135335585194 1.7049620821114533 2.6252132351358988 -0 -0 0 0.002
2.0498620834013881 1.8828010821388059 2.6890398743929613 0 -0 0 0.002
1.5766650990045963 2.4018756697187924 1.6106165180177048 -0 0 -0 0.002
1.550278808646917 2.3396712160557853 2.4160456632804137 -0 0 0 0.002
2.3631205183227255 1.6429785325082764 1.518396748776929 0 -0 -0 0.002
2.660023139075629 1.7599159489538216 1.9590798551960769 0 -0 -0 0.002
1.4064994893963181 2.30890077612943 1.7802380390336809 -0 0 -0 0.002
2.4520803695398845 2.0904448988664397 2.5334792261941188 0 0 0 0.002
2.454639090513592 2.4311433101687951 2.3268401540505455 0 0 0 0.002
2.090419517685437 2.6380614815395664 2.2875286763399902 0 0 0 0.002
1.4691871328174146 1.5310841725766977 1.9580079679276923 -0 -0 -0 0.002
1.5213109271557583 2.5194289096051823 2.0113347816002065 -0 0 0 0.002
2.6724883706787574 2.2293636538053101 1.9864591394752964 0 0 -0 0.002
2.553660859163478 2.1013347647646401 1.5669849844675667 0 0 -0 0.002
2.0806559601945365 1.4790189079961573 1.5281151176587664 0 -0 -0 0.002
1.6624385365673091 1.589917712304993 2.4750092391567731 -0 -0 0 0.002
2.3130740213634495 2.4839471484043845 2.4161332873641794 0 0 0 0.002
1.3075284471887232 1.9818877202810858 1.8318143952798687 -0 -0 -0 0.002
2.0780655293646322 2.064650676048962 2.7040205722668964 0 0 0 0.002
1.756618571455782 2.6344760487480992 2.209762493297907 -0 0 0 0.002
1.8237773347220203 2.1141694354296798 1.3183064181649318 -0 0 -0 0.002
2.6507441170891544 2.2462355257899311 2.1698556002957514 0 0 0 0.002
1.3965072765704962 1.8682076955885734 1.6381877775561171 -0 -0 -0 0.002
1.9824908305692168 2.1612964950501237 1.3031459367623999 -0 0 -0 0.002
2.5608176501938718 1.791794953488262 2.3942064228664277 0 -0 0 0.002
1.3052511799630757 2.1337611405288062 2.117521578288375 -0 0 0 0.002
1.9528831668192308 1.310672349015249 1.8083330568971954 -0 -0 -0 0.002
1.3908263886746983 1.6803679800411904 1.7875153440720726 -0 -0 -0 0.002
1.2826078869998927 2.0577399808341843 1.9989441436854829 -0 0 -0 0.002
2.4212216793187977 2.5487956594353163 1.7922475762143282 0 0 -0 0.002
2.0609648908615092 1.601770393359792 1.4057981380216209 0 -0 -0 0.002
1.9436303002139121 2.7173121822309838 2.0369059044238962 -0 0 0 0.002
1.815385312914592 2.2899699893184415 2.6318223180267877 -0 0 0 0.002
2.4335429159916355 2.3539160874987233 2.456618526141177 0 0 0 0.002
1.4632951319442449 1.7551725825803088 2.4208470149755232 -0 -0 0 0.002
1.486538986877407 2.488181749974157 1.8581047088007061 -0 0 -0 0.002
1.9021636474759069 2.5666768233219508 1.5586253485264301 -0 0 -0 0.002
1.8414064283363396 1.5417949830750599 2.5407313208236753 -0 -0 0 0.002
2.6730500299807542 1.7975765824511027 1.8221238106598641 0 -0 -0 0.002
1.661444895296659 1.7737624310449227 1.3998628172344452 -0 -0 -0 0.002
2.3457805981967823 2.0198162189279931 1.3617278014884751 0 0 -0 0.002
1.6925680197670996 1.3484623116590799 2.1135958885907202 -0 -0 0 0.002
1.5415738393752538 1.5539479311969746 1.651125254044475 -0 -0 -0 0.002
1.6609536503184061 1.9270778554704959 1.3600905699960426 -0 -0 -0 0.002
2.7246342014352298 1.9158438935289213 1.981335386156605 0 -0 -0 0.002
2.3261629281256377 1.6159243610372331 2.5279477356433233 0 -0 0 0.002
2.4215118755711496 2.3031184798724 1.4838186859741676 0 0 -0 0.002
1.9238749077645181 2.4213278872182258 2.5894946107151697 -0 0 0 0.002
2.4191096491769537 1.9074387296947253 2.5922127907910237 0 -0 0 0.002
2.0924124626395311 1.3908261968608908 2.3971823209085534 0 -0 0 0.002
1.8990679154071839 2.5426396712568575 2.4784415213808506 -0 0 0 0.002
1.8494823580528532 1.9373127902667486 1.2860370211327026 -0 -0 -0 0.002
1.6937043408512993 2.3727616647969745 2.5499768425141807 -0 0 0 0.002
1.4357789263234029 2.4376924199300474 2.1657225893133067 -0 0 0 0.002
1.8529481267395744 1.3059125362388238 2.1990617338074134 -0 -0 0 0.002
1.7931117771038554 1.3147139346925776 1.8277470230360482 -0 -0 -0 0.002
2.2913980177573672 1.3277801130574129 1.9404839303892583 0 -0 -0 0.002
1.8298671184491759 2.1406802620864664 2.7015904296076236 -0 0 0 0.002
1.7472665049892335 2.5383828667242474 1.5629881756703932 -0 0 -0 0.002
2.3016145679886479 2.4229602773297767 1.472522904916151 0 0 -0 0.002
1.4329294821790297 1.602439116879218 2.2656434313357732 -0 -0 0 0.002
1.3317136699512995 2.0138732648518238 1.6818745070879395 -0 0 -0 0.002
1.8324064167536023 1.2780531986653156 2.0000675777695367 -0 -0 0 0.002
1.2944874445436385 2.028041703756597 2.2265046671461022 -0 0 0 0.002
1.4329032001099373 1.7008402582616873 1.625886998660524 -0 -0 -0 0.002
1.5371827768228907 1.9811776246056558 2.5795703779952235 -0 -0 0 0.002
2.5531373020262231 1.5160917388977979 2.0994205905179388 0 -0 0 0.002
2.1392351849528994 1.3216195538179876 1.7353250090685033 0 -0 -0 0.002
2.7237466758102693 1.9506565704980909 2.1680774479929745 0 -0 0 0.002
1.5787540057812826 1.6836134451838347 2.5284745990960835 -0 -0 0 0.002
2.1925839819859374 1.9685946263285454 2.7182244293833895 0 -0 0 0.002
2.6954540916615355 2.1002154547839553 2.2531296479441121 0 0 0 0.002
1.5318099917292707 2.4952239759565567 2.2983536790510475 -0 0 0 0.002
2.6488772937937259 1.9755707717848436 1.6302499199355907 0 -0 -0 0.002
2.7057309188471881 1.7914774407580631 2.1313492527410176 0 -0 0 0.002
1.3116901446443903 1.8550330764995921 2.2594643656791962 -0 -0 0 0.002
1.5541091940831018 1.4920441351210396 2.3282840108245511 -0 -0 0 0.002
1.4402922317790428 2.0878067403928426 1.5096167576016235 -0 0 -0 0.002
1.6491682211128913 1.8599205152203271 2.648075884376456 -0 -0 0 0.002
2.7383821903156713 2.1128162057239788 2.0869711145738861 0 0 0 0.002
2.2566400837522869 2.6673781019075653 1.7632568108766069 0 0 -0 0.002
1.8167663628631927 1.7676687922293897 1.3107408157389751 -0 -0 -0 0.002
2.5807950144605867 2.1683035645736415 2.4482559734660683 0 0 0 0.002
2.4968345893692736 2.017236203400993 1.4347748480265947 0 0 -0 0.002
2.1588191040157314 2.7262051109728263 2.1241027613012111 0 0 0 0.002
2.2152485899694958 2.5585262283675339 1.5381584431212851 0 0 -0 0.002
2.3885813693074764 1.4809159218554093 1.6192975630834012 0 -0 -0 0.002
1.9856654563620424 1.3050176048043596 2.297848501612946 -0 -0 0 0.002
2.5746227932944441 2.4922367074978289 2.048365034215557 0 0 0 0.002
1.5998948026503554 2.5871703160531858 1.7425555901089 -0 0 -0 0.002
2.6595754803975891 2.3296357296620127 1.8179213143149002 0 0 -0 0.002
1.9874971226894254 1.7315493841098606 1.2940478480229003 -0 -0 -0 0.002
2.3536258777116732 2.6634142910323648 1.8862778964524893 0 0 -0 0.002
2.0021938751162032 2.0159461927169957 1.2425848122396503 0 0 -0 0.002
1.4266144228324897 2.0654116058517196 2.492763897857146 -0 0 0 0.002
2.7429903858118729 2.0106276703113104 1.8366184837236372 0 0 -0 0.002
2.2490695957832556 2.6297132850541844 2.3450691522570102 0 0 0 0.002
2.0019335174415329 1.3233862144536856 1.6555190715334061 0 -0 -0 0.002
2.2121995491690982 2.3379845069386356 1.350185363333551 0 0 -0 0.002
1.7978158559156359 1.3528840998313081 2.3525363234161238 -0 -0 0 0.002
1.7097183091625425 2.2522238956024512 1.341614951832397 -0 0 -0 0.002
1.4946893593026465 1.4566952183626705 1.8141151452939546 -0 -0 -0 0.002
1.8921758358287639 1.8311973844900957 2.7368938548435642 -0 -0 0 0.002
2.5574175222901996 1.9114099895103882 2.5154850801761057 0 -0 0 0.002
2.6076745418634215 2.3839987992874074 2.2660804780683561 0 0 0 0.002
2.3121981224397334 2.6723253359399681 2.1941413943958175 0 0 0 0.002
1.4088469411925926 2.2496041395862374 2.4159543452564778 -0 0 0 0.002
1.9302549553251551 1.390267237548382 2.4620044711906144 -0 -0 0 0.002
2.0914368050540761 2.4918539387129641 2.5789974357764707 0 0 0 0.002
2.5121720391865208 1.5924396536661494 1.6030243280002598 0 -0 -0 0.002
2.6927243702702741 1.8278795158651515 2.284897779426776 0 -0 0 0.002
2.2299032312380622 1.8497424355940015 1.2837362963102519 0 -0 -0 0.002
1.7761042734008119 1.4970551242073435 1.4642898618905884 -0 -0 -0 0.002
2.5659404510324357 2.4630354731811028 1.7494676453039062 0 0 -0 0.002
1.2981897398437052 1.6769316986272524 2.0264390660479665 -0 -0 0 0.002
1.8681746145750358 2.2836699371407287 1.2951433523608959 -0 0 -0 0.002
1.7913357217698807 1.9286852938610848 2.7389334479321068 -0 -0 0 0.002
1.6709427592932982 2.1967615161047038 2.6681773792780819 -0 0 0 0.002
2.2835381137327451 2.1800992928521401 1.3036726524223679 0 0 -0 0.002
1.6510615605351942 2.5360167733527725 2.4297759817640414 -0 0 0 0.002
2.6717651392898309 1.6422471976003836 1.8661301356492317 0 -0 -0 0.002
1.2873939455996464 2.1946582236488354 1.7669168456948876 -0 0 -0 0.002
2.0573853913967772 2.6216266752443738 1.5381400339317177 0 0 -0 0.002
2.093338608415495 2.7451602579594621 1.8012051681288339 0 0 -0 0.002
1.3764491657619089 2.4575196650380624 1.949986564413851 -0 0 -0 0.002
1.4111331346912739 2.3421541859313608 1.6271543462779463 -0 0 -0 0.002
1.7354924577921194 2.6227653485947298 2.3770436156350394 -0 0 0 0.002
2.6753190999291534 1.6209581113119913 2.063324769672445 0 -0 0 0.002
2.4616719432901677 1.4892013255455618 2.3621633761422283 0 -0 0 0.002
2.2247341786159023 1.5582965924544752 1.4027888060626754 0 -0 -0 0.002
1.3104284886080162 2.2284922123303321 2.2803875316255136 -0 0 0 0.002
1.2480217047623821 1.8146146565411116 2.1082218652475926 -0 -0 0 0.002
2.3055356473712156 1.8430814966658442 2.7004299440068067 0 -0 0 0.002
2.0873451739035551 1.2243492553135846 2.0118730438636807 0 -0 0 0.002
1.6297364197334414 1.4224152234025935 1.6252183979417596 -0 -0 -0 0.002
1.8223807451828553 2.7183025460235282 1.7461160404973697 -0 0 -0 0.002
1.8655693166224201 1.589725617375124 1.3494795463293356 -0 -0 -0 0.002
1.4911575679182585 1.8192155256013363 2.568784583917525 -0 -0 0 0.002
2.0676741494556916 2.3555592671727377 2.6927862099494364 0 0 0 0.002
2.4533753550132675 2.6322604241166694 2.1131297723255345 0 0 0 0.002
2.3036545145511913 1.4109249433813056 2.4205964899652046 0 -0 0 0.002
2.4206714676843921 1.7438388504632936 2.6115664861087255 0 -0 0 0.002
1.5436077649654871 2.2893250932875744 2.5678222426654953 -0 0 0 0.002
1.2999786085995364 1.6866118425533076 2.1854864873640758 -0 -0 0 0.002
2.2366108577025936 1.2543440826909498 2.0786071574645923 0 -0 0 0.002
2.2302998667394953 2.0032145042221097 1.2478637291898809 0 0 -0 0.002
2.1401671634086981 2.4929312407421778 1.3992664651664368 0 0 -0 0.002
1.4060377090350964 1.9290180407808264 1.4857417580510299 -0 -0 -0 0.002
1.3142599149050893 2.0727556048318534 2.383818006998367 -0 0 0 0.002
2.6063680840521743 1.8248893728520161 1.5269726060093562 0 -0 -0 0.002
2.5853536689821315 2.2721230413767288 1.5407264486491354 0 0 -0 0.002
1.2144987503034539 1.9778042992234388 2.0984385209698928 -0 -0 0 0.002
2.3626232354092087 2.6108853586386402 1.6453535958541252 0 0 -0 0.002
2.5842298545830409 1.5281271853373 1.7554795013032616 0 -0 -0 0.002
1.6498229840264653 2.0784729113701963 1.294188491882637 -0 0 -0 0.002
2.2166279364502239 2.7586337385144342 1.9068011964856539 0 0 -0 0.002
2.0514542184950835 1.5559530867814324 2.6563788156707488 0 -0 0 0.002
2.1350947597787067 2.2432192097626875 1.2561189136880788 0 0 -0 0.002
2.4977612918300576 2.6203494717183364 1.9467050608796808 0 0 -0 0.002
1.4482513115639151 2.4843584380206827 1.6965385451457418 -0 0 -0 0.002
2.2725742778405076 1.2911979691295024 2.2359088481508129 0 -0 0 0.002
2.6558103658138084 1.6673469380036352 1.6989179076364749 0 -0 -0 0.002
1.7200503631887465 2.7380085224676178 2.0940428088668321 -0 0 0 0.002
2.3934723395292608 1.8518070763529866 1.3246289739209203 0 -0 -0 0.002
2.6939830734104833 2.2322852038776979 1.6774127199877349 0 0 -0 0.002
1.6210909935071782 1.351508632793464 2.2779912566277147 -0 -0 0 0.002
1.5997316149768313 2.6380833801160826 2.2579111877205782 -0 0 0 0.002
2.2224051164342251 1.6836371066150451 1.303517977787747 0 -0 -0 0.002
1.2285107901021228 1.7942395357107528 1.9279918168763432 -0 -0 -0 0.002
2.3019489194284914 2.7406577934346061 2.0534599118589183 0 0 0 0.002
2.2314685072963076 1.3997198464717295 1.5281105066737908 0 -0 -0 0.002
1.9376529287016468 1.2075218636157889 2.1064085487669248 -0 -0 0 0.002
2.6168960239038928 1.4946595184916838 1.9339525650145339 0 -0 -0 0.002
1.4429930919410827 1.4337124380820874 2.132418915530327 -0 -0 0 0.002
1.6359185267980723 1.2824982722337317 1.9878346050051523 -0 -0 -0 0.002
1.3226892729220092 2.1717488772477713 1.603351171184717 -0 0 -0 0.002
1.6999364709679328 1.6095312504122208 1.3661841603660034 -0 -0 -0 0.002
2.0930148976978655 1.8835084434182585 1.2113212451674995 0 -0 -0 0.002
2.6175299459036876 2.5046916487628179 1.8708333537705149 0 0 -0 0.002
1.6126610601564497 1.5232306039757664 1.4797872917051274 -0 -0 -0 0.002
2.708318570452688 2.3886470861133011 1.9657570522463039 0 0 -0 0.002
2.515988758022786 1.4001451746841391 1.855708010872968 0 -0 -0 0.002
2.7207273925498425 1.9851206177498499 2.3640349039757571 0 -0 0 0.002
1.8623092229484857 2.7859074494423113 1.8773073308925732 -0 0 -0 0.002
2.4353972104044277 1.321343235303245 2.0002418974648783 0 -0 0 0.002
2.0864218214603638 2.8042254424376871 1.9867324712658321 0 0 -0 0.002
1.4821259249432095 2.6040816424318232 2.133908394680216 -0 0 0 0.002
1.3245781541718435 1.7105087465353472 2.3451149871296217 -0 -0 0 0.002
1.7424886407574127 1.7386790967769683 2.7228565067225379 -0 -0 0 0.002
2.6723290861931974 2.2731525723177053 2.3636235223182611 0 0 0 0.002
2.7523665790572389 1.8894003327555957 1.7178599436633588 0 -0 -0 0.002
1.2153154862540783 2.19854020144406 1.9404466842774055 -0 0 -0 0.002
1.553535387822675 2.3053391425707255 1.3945821544622377 -0 0 -0 0.002
2.5428015074180452 2.4010886867474683 1.5430198580451215 0 0 -0 0.002
1.8469625766709519 1.2671315069148643 1.6849267713634184 -0 -0 -0 0.002
2.0122989698822726 2.4272532931081496 1.3068587490358721 0 0 -0 0.002
1.9711816203332315 2.7470456707553295 1.675407227786379 -0 0 -0 0.002
1.8128249943442998 2.5302333675344926 1.409974438884293 -0 0 -0 0.002
1.6477361666389534 1.4130936850738136 2.4471985548814406 -0 -0 0 0.002
2.5438119800712182 2.2572673347845824 2.5507640826438971 0 0 0 0.002
2.3392903318592819 2.0830654716389549 2.7364717766273046 0 0 0 0.002
2.6964063383711605 2.4118259793215748 2.1265808703054709 0 0 0 0.002
2.2374256545049698 2.3933226742441391 2.673700641057684 0 0 0 0.002
2.2796811820733116 1.2636109925180108 1.7895723061749529 0 -0 -0 0.002
2.0883455436670588 1.2124755631389594 2.2042433605796403 0 -0 0 0.002
2.0060114647424809 1.6971705742121452 2.7606533160372329 0 -0 0 0.002
2.0731718902377314 1.1975395206014325 1.8595887416633554 0 -0 -0 0.002
2.4963984649708206 1.7453701587335577 1.4023225740273535 0 -0 -0 0.002
2.4926945359460415 1.3665395160362936 2.1630795705009258 0 -0 0 0.002
1.2340257553678486 2.2808704979569288 2.0819479622810171 -0 0 0 0.002
2.2379952039038007 1.481311648985967 2.5907234904848151 0 -0 0 0.002
1.4932287947008933 1.8434679354514962 1.3730720542938566 -0 -0 -0 0.002
1.6771942579251655 2.735627572506961 1.8294377080999624 -0 0 -0 0.002
2.0376453046628531 2.7941277839058358 2.207490000900489 0 0 0 0.002
1.3935235293803003 2.4218027369270128 2.3578442125165893 -0 0 0 0.002
2.5725690145723683 1.7513458785162275 2.536870194736061 0 -0 0 0.002
2.2313799013014157 2.5744837789861421 2.541457553715651 0 0 0 0.002
2.4096384813393352 2.324492188283513 2.6367346762994259 0 0 0 0.002
1.5349906814045211 2.4355795307964705 2.5196978315193701 -0 0 0 0.002
2.2559820766277623 1.6681113293099132 2.7110448338324575 0 -0 0 0.002
1.4743717540146219 2.6337859541920081 1.9603745366793486 -0 0 -0 0.002
2.4044595748518893 2.5208802457213593 1.497701202465505 0 0 -0 0.002
2.4761866903041332 2.6073400761173868 2.2998028649578952 0 0 0 0.002
1.4043507186529851 2.2558912435971252 1.4861340452850627 -0 0 -0 0.002
1.8330825634517556 1.3481104673669646 1.5202564627579087 -0 -0 -0 0.002
2.359262655054966 1.4856654626343091 1.4638009135346794 0 -0 -0 0.002
1.2639095478593867 2.3539528463497672 1.862335673312592 -0 0 -0 0.002
1.4932604487737806 2.0080626243908672 1.3439806084771371 -0 0 -0 0.002
1.2915951715638745 2.4205609263465573 2.0876551211901071 -0 0 0 0.002
2.1327800231373053 2.6718429721070596 2.4667054152676648 0 0 0 0.002
1.2800480785866681 1.6060855135428069 1.8568707138449367 -0 -0 -0 0.002
2.6789192037520162 1.6658831096031839 2.3434956841928951 0 -0 0 0.002
1.3696990686613726 1.5381748614459796 1.7103835367453386 -0 -0 -0 0.002
2.6675976126173744 2.0298139932789172 2.4966081333197283 0 0 0 0.002
2.1588604847994772 1.8003716174943909 2.7922082514220632 0 -0 0 0.002
1.9600694932654295 1.4399380796084165 1.3877567173902223 -0 -0 -0 0.002
1.2079875663253832 1.9087554265930862 1.7520969981847276 -0 -0 -0 0.002
2.4588512263286102 2.1494085989855187 1.3190365658460752 0 0 -0 0.002
2.6643495325935072 1.5486771691211532 2.2243202552961199 0 -0 0 0.002
1.2802604978407022 1.9155413015119607 2.4171501117852019 -0 -0 0 0.002
1.3188651984667215 1.5113045371544709 1.9907465581378037 -0 -0 -0 0.002
2.1352871175818646 2.7380054432865171 1.6269973457565916 0 0 -0 0.002
1.9764435741440427 2.1674071207173387 2.8172419196959959 -0 0 0 0.002
1.8656578102498125 2.7555888531832982 2.3284809058838523 -0 0 0 0.002
1.7604114645238897 2.5450309013110477 2.5845307289878861 -0 0 0 0.002
1.6922835154223581 1.2815707828601057 1.6974084627343253 -0 -0 -0 0.002
1.6797853936178437 2.4200522953760824 1.3488297373777174 -0 0 -0 0.002
1.99609695235618 2.576967378048705 1.3893896406210819 -0 0 -0 0.002
1.6070856919875851 2.7397598650474277 1.9835012363876838 -0 0 -0 0.002
1.3152231034241373 1.5305019273472729 2.145391933188082 -0 -0 0 0.002
1.6863678645102926 1.5406594122988964 2.6323898130767782 -0 -0 0 0.002
1.9987944000368134 1.3253389280811629 1.5021606856869956 -0 -0 -0 0.002
1.9035401335866557 2.3087944389975665 2.7737884396386576 -0 0 0 0.002
2.1786619675777383 2.2701420417868552 2.7749125005302959 0 0 0 0.002
1.902980419320621 2.000370762222123 2.835329514646908 -0 0 0 0.002
2.8001927936808713 2.1645024931668089 1.7854865453641402 0 0 -0 0.002
2.6635685290190656 2.0097760264239959 1.4795124811867222 0 0 -0 0.002
1.6192951534942681 2.5329190551731591 1.4683436364494784 -0 0 -0 0.002
2.3624818001989172 2.4828761281006226 2.5886072113236311 0 0 0 0.002
2.369209875553282 1.6303895765045384 1.3399780626855038 0 -0 -0 0.002
1.9163335970620612 1.4504416295678102 2.6382818855530092 -0 -0 0 0.002
1.8546150892507283 2.0702245992226556 1.1710597371806402 -0 0 -0 0.002
2.8041432224854352 2.2596301825506804 1.9246984914247021 0 0 -0 0.002
1.4828092179644279 2.4181981003173498 1.4769348294786453 -0 0 -0 0.002
1.518374503276819 1.6756565557814371 1.3841177383423129 -0 -0 -0 0.002
1.5151312797475274 1.5161925279471284 2.5032556333956157 -0 -0 0 0.002
2.3928258925190451 2.3094501887648962 1.3138215618938567 0 0 -0 0.002
2.6155507929508808 2.5546607813720885 2.1911108297749924 0 0 0 0.002
1.7057431656073216 1.8632370532505038 1.217151927433662 -0 -0 -0 0.002
1.932231689809174 1.8323300866466281 1.1722524025440131 -0 -0 -0 0.002
2.0177500850455377 2.7613623832306406 2.372743421895271 0 0 0 0.002
1.8414878369452392 1.5804463157175705 2.7234662943180084 -0 -0 0 0.002
1.1731293373068121 2.0951202870382408 1.8218153270168356 -0 0 -0 0.002
2.5843739426548034 1.5842657051400675 2.4575546371488093 0 -0 0 0.002
1.7788114006577436 1.3744521722789584 2.5370787369330605 -0 -0 0 0.002
1.7326112164281735 1.198966102237232 2.1257848607758261 -0 -0 0 0.002
2.4720553687548867 2.523554074683616 2.4794375564377091 0 0 0 0.002
2.354667788506279 1.3153200706636465 1.6424893976307222 0 -0 -0 0.002
1.4769123590477982 2.160879390931008 1.3456632962035195 -0 0 -0 0.002
2.4471034384106356 1.5058425349284774 2.5334266148508595 0 -0 0 0.002
1.8424237891532798 2.7211244949128011 1.5688500817101481 -0 0 -0 0.002
1.5441828819950052 2.0955552004606601 2.7151538894255349 -0 0 0 0.002
1.361034750256962 1.9207843207449105 2.5636631257916291 -0 -0 0 0.002
1.6976757312946371 2.0823988414397521 2.7945262011244791 -0 0 0 0.002
1.662878458205209 2.6857054700763374 1.6143740929840713 -0 0 -0 0.002
2.8279454686007828 1.8118250782419658 1.8875464131776944 0 -0 -0 0.002
1.4446149515728943 1.5810345516813629 1.4990336713989401 -0 -0 -0 0.002
1.4076004921245753 1.3787620025108565 1.9480050103573412 -0 -0 -0 0.002
1.9303543874287978 2.698563880175628 2.4885172141085339 -0 0 0 0.002
1.892945978929808 1.1591889990982276 1.8658023690892698 -0 -0 -0 0.002
2.8077847543104624 2.2832394230284123 2.0930498809956979 0 0 0 0.002
1.3700236042261429 1.7417290059473256 1.4752292548987582 -0 -0 -0 0.002
2.5121809286440437 1.3866214612540444 1.6906204107569205 0 -0 -0 0.002
1.2167185942729388 1.7333523232170165 1.7586736524900752 -0 -0 -0 0.002
1.8026867255149965 2.43863001735884 2.7099300783532052 -0 0 0 0.002
2.8594984151794245 1.9631610714941445 1.9463130223466718 0 -0 -0 0.002
2.7904978035088241 2.2433971497936986 2.2469887250216694 0 0 0 0.002
1.8579394772330338 2.8314407161001913 2.1694483695454387 -0 0 0 0.002
1.5165805698811106 2.5778008388662657 1.5811906063142338 -0 0 -0 0.002
2.5228157427794802 2.5717204302076335 1.6131974395606343 0 0 -0 0.002
1.2736023872269793 2.3931038655859074 2.2455251482527361 -0 0 0 0.002
1.9367944624587274 2.5815676732996637 2.6314671924030542 -0 0 0 0.002
2.5133111838713096 1.9951425604611417 2.6946413601167567 0 -0 0 0.002
1.4118197500346912 2.1777838436239629 2.6063049478392268 -0 0 0 0.002
1.5626372132777155 1.7272269065071142 2.696096388390651 -0 -0 0 0.002
2.6799421656984923 2.4001603659215678 1.6372291224980207 0 0 -0 0.002
2.0038036240427548 2.3049249964222205 1.1894064303025689 0 0 -0 0.002
2.2017267502922522 1.332255534714246 2.5147148529153904 0 -0 0 0.002
2.3416522362467385 2.254943376632593 2.7532724908745752 0 0 0 0.002
2.0124276576204396 1.8780162462967698 2.8577747442647938 0 -0 0 0.002
1.8534728433963412 2.4503166749427701 1.2724479573373104 -0 0 -0 0.002
1.786642771048621 2.8401779027185547 2.0146145748697353 -0 0 0 0.002
2.8552227074832972 1.8586785930574625 2.061784259169483 0 -0 0 0.002
2.5889714557771768 1.3634635151999652 2.0061794779692166 0 -0 0 0.002
1.5508197126009331 1.2661737473993131 2.1430767599774248 -0 -0 0 0.002
1.3998160434265754 1.437891939967229 2.2935985018954619 -0 -0 0 0.002
1.1310886861557732 1.9719028565299224 1.9373376413095735 -0 -0 -0 0.002
1.9970114320305867 1.5580609081244285 1.252890613871732 -0 -0 -0 0.002
2.4829417676480228 2.1747133869071371 2.7029927174647108 0 0 0 0.002
2.5974000037962659 2.1264402704633212 2.6219513499363574 0 0 0 0.002
1.7264470425616554 1.1780360968945409 1.8920212862619814 -0 -0 -0 0.002
2.5803965540174829 1.8872098959970094 1.3597038769234215 0 -0 -0 0.002
2.4374234926775959 1.3166198678795018 2.3204160976480606 0 -0 0 0.002
1.3745831552042822 1.5532935477364438 2.4209716110649762 -0 -0 0 0.002
1.2421796431890191 1.8247443476079113 1.5994964753664036 -0 -0 -0 0.002
2.5070958444015075 1.5743197213646063 1.4332980623800449 0 -0 -0 0.002
2.8676601167689899 2.1223555851470843 1.9778253528369338 0 0 -0 0.002
2.2302665423182297 2.8079524361461909 2.2451141508967876 0 0 0 0.002
1.5509805073169058 1.2822275231238551 1.7719738694292757 -0 -0 -0 0.002
2.2295346217036389 1.1603917459560615 1.9160952433588689 0 -0 -0 0.002
2.2057762675553017 1.255561926562315 1.5917200070038136 0 -0 -0 0.002
2.372634268315482 2.6552182471312999 2.4476289869069014 0 0 0 0.002
1.4104751534469284 1.6471654267283393 2.5491180786064529 -0 -0 0 0.002
2.610220864208574 2.511040708744158 2.3728748965781388 0 0 0 0.002
2.1286071807093254 1.2090218193092421 2.3606007306967292 0 -0 0 0.002
1.6223826003624651 2.3522401264884172 2.7073831107559756 -0 0 0 0.002
2.1233922420366058 2.1184508723440425 2.8605033740027443 0 0 0 0.002
2.476477402475326 2.7202211605235593 1.8184836378966618 0 0 -0 0.002
2.1229238279205731 1.7216871940654308 1.1771224730380332 0 -0 -0 0.002
1.4583958068413103 1.3895045125091559 1.6669238172122962 -0 -0 -0 0.002
1.1645464577384816 1.939262854383683 2.2762821237731612 -0 -0 0 0.002
2.5560352259534609 2.2759990114253341 1.3723738221381796 0 0 -0 0.002
2.8744158224165304 2.0113570558938814 2.1209867216616569 0 0 0 0.002
2.0343101955791649 2.1434522737942068 1.1310322248055198 0 0 -0 0.002
1.4318873074250305 2.6448377429658048 1.8047612506622546 -0 0 -0 0.002
1.1235749094958423 2.097436573608916 2.0543443918330486 -0 0 0 0.002
1.2834601479323213 2.4271663014181502 1.7113281770433801 -0 0 -0 0.002
2.7716321731068652 2.1274579239958613 2.413567146172793 0 0 0 0.002
2.1253977932172039 1.4673483699770293 1.3095239375724073 0 -0 -0 0.002
2.476568572063869 1.9777392425605098 1.2560159323270561 0 -0 -0 0.002
2.3828807097270563 1.5712418896402611 2.6728508516798986 0 -0 0 0.002
1.6989172575976741 2.7845545686186406 2.2707237258994799 -0 0 0 0.002
1.2747049806072352 1.6589312533025635 1.6195145832197511 -0 -0 -0 0.002
1.2426688242092228 2.015193962113091 1.5389317710226742 -0 0 -0 0.002
2.4462180711061197 1.2605144628576026 1.8106787484961797 0 -0 -0 0.002
2.8317713903502546 1.6971986534667491 2.0530322819541791 0 -0 0 0.002
2.3886467930946833 1.2194614945389477 2.1600279621194871 0 -0 0 0.002
2.6497799040979246 1.6371126314384183 1.5194842133847439 0 -0 -0 0.002
2.7208983947302783 2.1744038263096788 1.5081768947650531 0 0 -0 0.002
1.5021825477587536 1.9207569836469855 2.732003191858297 -0 -0 0 0.002
2.0391282063314984 1.2656453747943064 2.5021189542143576 0 -0 0 0.002
2.7526126453820909 1.7552311544625416 1.5958929100311638 0 -0 -0 0.002
1.7696047887043196 1.1908282426977819 2.2971362747881305 -0 -0 0 0.002
1.7430581753326633 2.269120490445383 2.8062280423509973 -0 0 0 0.002
1.8675091390555993 1.6541313995764095 1.1922034128748695 -0 -0 -0 0.002
2.2975690514768936 2.5855109305959103 1.3939932471041714 0 0 -0 0.002
2.2906873231020741 1.2609033649462966 2.4056595402046139 0 -0 0 0.002
1.6851969330193906 1.7015397569770365 1.2221200245459838 -0 -0 -0 0.002
2.8263154616343762 1.7515353262607969 2.2285791532937171 0 -0 0 0.002
1.2824790214606152 2.1820207789095214 2.4978621848840139 -0 0 0 0.002
2.0073910199410103 2.8820812940622473 1.8546215334414486 0 0 -0 0.002
1.6417992783971411 1.9095681158119708 2.8134966368690231 -0 -0 0 0.002
1.9844657314373495 1.1543828183598954 1.7137790992875246 -0 -0 -0 0.002
1.2909190342410286 1.7557519597001567 2.4913960824665402 -0 -0 0 0.002
2.2091727040763609 2.1467057150772759 1.142536357072492 0 0 -0 0.002
2.1552635125318274 1.9593715658871296 2.8798695187485128 0 -0 0 0.002
1.3388072439059528 2.5527359039161497 2.2363311826126804 -0 0 0 0.002
1.3089970428271418 2.5432924252815559 1.8303419008346546 -0 0 -0 0.002
1.4945741808196717 2.6136042368398811 2.4083095822362939 -0 0 0 0.002
1.6710736089070712 1.3510726216671078 1.4764158569913761 -0 -0 -0 0.002
1.3264405972065192 2.5877060103244935 2.0566455433661024 -0 0 0 0.002
1.1345731182276899 2.0975489526770152 2.220557957885962 -0 0 0 0.002
1.9616442068044961 2.4638861863083408 2.765006605713376 -0 0 0 0.002
2.0697430709225344 1.3686082805024562 2.6373763680924962 0 -0 0 0.002
1.946358027615259 2.8971070076218695 2.0134389726070516 -0 0 0 0.002
2.324234571618164 2.4619813162328694 1.2971037842786921 0 0 -0 0.002
2.1750273507021092 2.6942721532972405 1.451114249909853 0 0 -0 0.002
2.5813598718448736 2.6356683215884167 1.7263494388361913 0 0 -0 0.002
2.854866014149319 1.9253338938565594 2.2765781664734965 0 -0 0 0.002
1.5547263106330425 2.767514430109546 2.1438361429929391 -0 0 0 0.002
2.4466832436298853 2.7853627631577211 1.9665719435388624 0 0 -0 0.002
1.9480647859849749 1.1521541010450203 2.3076458668001925 -0 -0 0 0.002
2.4899987013532705 2.4396046004348846 1.3792323680648968 0 0 -0 0.002
2.5994227285488956 2.4211837092012911 2.5285325313990481 0 0 0 0.002
1.5894601699839199 2.2240004640887197 1.2276453147279569 -0 0 -0 0.002
2.627258682236477 2.1239286614513886 1.36028137175775 0 0 -0 0.002
1.7444909048669042 2.3187600690316863 1.1936203301049586 -0 0 -0 0.002
2.3274286771059871 1.9562769211071891 2.8410970149195274 0 -0 0 0.002
2.5799334354150711 1.4098039045371398 2.3648087544924774 0 -0 0 0.002
2.4576672807410134 1.8239969328821672 2.7605622277408952 0 -0 0 0.002
1.6943012495808434 2.0157834709657263 1.1486249022755499 -0 0 -0 0.002
2.3686158341119032 2.0785954946955516 1.1764401645569258 0 0 -0 0.002
2.8134113030841243 1.6628885052695443 1.7886764549764556 0 -0 -0 0.002
1.7880392631913942 1.8352245320708527 2.8660296060180195 -0 -0 0 0.002
1.7290725157151938 2.6747642917667331 1.4566110305647435 -0 0 -0 0.002
2.2725957689397314 2.8086636198334807 1.6833336035657913 0 0 -0 0.002
1.2589448212884027 2.325978138748511 2.4080687783752093 -0 0 0 0.002
1.3678431342997071 2.3377592667239027 2.5549211917135444 -0 0 0 0.002
1.9879740555225123 1.0913543218109105 1.9830493912680358 -0 -0 -0 0.002
2.2487237437544985 2.34515844154132 1.195262333969686 0 0 -0 0.002
2.1314539281991824 1.3220699855704785 1.4124831643688456 0 -0 -0 0.002
1.1608926637699257 2.270357100689532 2.223639930356144 -0 0 0 0.002
1.826381612695134 2.1432231975468521 2.8802462559519446 -0 0 0 0.002
2.799832769566907 1.5689608736433784 1.9525271145495486 0 -0 -0 0.002
2.1633113489748372 1.1497841246175673 1.7221957847347107 0 -0 -0 0.002
2.1403395803983458 1.6276759689096938 2.8205432698694359 0 -0 0 0.002
1.4932223583156123 1.2429009054016333 1.9215429070608216 -0 -0 -0 0.002
2.5124371895255124 1.4248081220892486 1.516620170299255 0 -0 -0 0.002
2.7890138589618081 1.8308480754078749 2.4276033298846706 0 -0 0 0.002
1.4918296340833264 1.362778617708196 2.4194215283430753 -0 -0 0 0.002
1.3255704231029601 2.0828091596468017 1.3890094572012814 -0 0 -0 0.002
1.8752674762137711 2.2219518032687304 1.1224356985757764 -0 0 -0 0.002
2.8711634663705343 1.9996193939466029 1.7183008812621596 0 -0 -0 0.002
1.8162013155910846 1.1027801940470472 2.0143742413560606 -0 -0 0 0.002
2.8031733366621778 2.3755025586091452 1.760399597274412 0 0 -0 0.002
2.3567355159664443 1.8964370562763575 1.1647231877635094 0 -0 -0 0.002
1.802235739576761 1.4264508781479992 1.3162109806430486 -0 -0 -0 0.002
2.343306713509989 2.6996601066158656 1.5122588625088742 0 0 -0 0.002
1.6797398809798734 2.675105093157172 2.5256691714188806 -0 0 0 0.002
2.3566900690039971 2.8291096254651604 1.8224365249504024 0 0 -0 0.002
1.3923667662330472 2.0392175694439572 2.6859646947102966 -0 0 0 0.002
2.5307224359964788 1.6260738862353228 2.648960851679361 0 -0 0 0.002
1.6442942127574729 1.2579896261204688 2.4146243488612398 -0 -0 0 0.002
2.8724921537996044 2.0968437836651006 2.2763632071286799 0 0 0 0.002
1.5131637851348954 2.7138823452942766 1.688276524496171 -0 0 -0 0.002
1.5421080564972987 1.7881713914556516 1.2320734350478812 -0 -0 -0 0.002
1.8832541597665009 2.8756731425193345 1.7413591491738467 -0 0 -0 0.002
2.8039524569992325 1.9071426799079174 1.5613978071311765 0 -0 -0 0.002
2.0143274479935807 2.7768448189359423 1.5028296832140051 0 0 -0 0.002
2.7784794631378142 2.4150262090524266 2.2726819887283889 0 0 0 0.002
2.7396667557109824 1.4594128491260365 2.0883523593265427 0 -0 0 0.002
1.2467821923153362 1.5547305672139626 2.300978591181905 -0 -0 0 0.002
1.5493903463531706 1.9582718834998722 1.1970733881828899 -0 -0 -0 0.002
2.7085204954660722 2.5955952119708163 2.0247712890841782 0 0 0 0.002
1.8137787752702133 1.2222731202668098 2.4658383010837337 -0 -0 0 0.002
2.1438752004521211 1.4732706072841233 2.7457168817801212 0 -0 0 0.002
1.4920890984588304 1.4077400493962096 1.5045125744632948 -0 -0 -0 0.002
2.205480905497605 1.1231823107849501 2.2076744205070868 0 -0 0 0.002
1.9770980791691246 1.9911159127496607 1.0769471325816373 -0 -0 -0 0.002
2.4270311236812674 2.810579912149719 2.139986343185694 0 0 0 0.002
1.5173713110928035 1.563180506301308 2.6611092659918669 -0 -0 0 0.002
1.1419787949105062 1.7279068687530115 2.2280831400222403 -0 -0 0 0.002
2.4117922553875326 2.7691760109998276 2.3133945990439675 0 0 0 0.002
2.1929151390539832 1.9760212036167686 1.0953226485124623 0 -0 -0 0.002
1.1079880496196566 1.7423227641609493 2.0465246067209857 -0 -0 0 0.002
2.2574222442561322 2.7890948072742425 2.4124993127476904 0 0 0 0.002
2.1348342632836887 2.4348405124485599 2.8057754167177897 0 0 0 0.002
2.6521766379841525 1.4701584394960732 1.6117098096554492 0 -0 -0 0.002
1.8865709234589696 2.7005386457503175 1.3994085358966037 -0 0 -0 0.002
2.7451849415330223 1.4960039796032762 1.7760334820583059 0 -0 -0 0.002
1.1560861103624689 2.3004258687675931 1.7526469014191997 -0 0 -0 0.002
1.1659230301976391 2.1849776496819304 2.3659040590674865 -0 0 0 0.002
1.1697176211040903 1.795703476142342 2.3716115201778227 -0 -0 0 0.002
1.2756167523419157 1.4330432277975786 1.8428879321593559 -0 -0 -0 0.002
2.7202444796455838 1.6999219095620135 2.5076726348540754 0 -0 0 0.002
1.8180266592015752 1.9183560583778489 1.091829422143741 -0 -0 -0 0.002
2.8446583134248473 2.146552468217406 1.6304468918032733 0 0 -0 0.002
1.9181276799563678 1.7341285951459959 2.8896605670200701 -0 -0 0 0.002
2.182837628067102 2.8987259899452522 1.8223960195872395 0 0 -0 0.002
1.907902680302842 1.1919891515752739 1.5464785313814702 -0 -0 -0 0.002
2.5910338381745572 2.7246270749162305 2.0421458921261109 0 0 0 0.002
1.7630044413645563 2.7919268035947091 2.4276161717859726 -0 0 0 0.002
2.7181422882125874 2.5410477473077511 1.7343521194455573 0 0 -0 0.002
2.7286459938496703 2.2510301870254512 2.5297331370000675 0 0 0 0.002
1.1559309619905858 2.1725046254935032 1.6363312644457397 -0 0 -0 0.002
2.0852830910997038 2.5800180032858142 2.7252540149463984 0 0 0 0.002
1.2556403577109849 2.3534289202300411 1.5574115656806169 -0 0 -0 0.002
2.3764069073241219 1.342322076149336 2.5494491566035968 0 -0 0 0.002
2.2727367821639168 1.3924518753498005 1.3467939466574861 0 -0 -0 0.002
2.6961004145184626 1.7799134128167051 1.4152874307774026 0 -0 -0 0.002
1.6523073013093936 1.590870637318003 2.7698802591170177 -0 -0 0 0.002
1.2580615014384884 1.8684202642757357 1.4414170463540597 -0 -0 -0 0.002
1.0870101926413229 1.8313116167883128 1.8545429109198808 -0 -0 -0 0.002
2.444011244334424 2.7536437999370258 1.651907260867292 0 0 -0 0.002
2.2765981988766226 2.1570634820692725 2.8814274216220515 0 0 0 0.002
2.0568762908350737 2.7054929312084255 2.6132189512845985 0 0 0 0.002
1.5889502516895888 2.5718057665410328 2.6164512293999937 -0 0 0 0.002
2.123993079688602 2.4648771172544994 1.1914887679390169 0 0 -0 0.002
1.7345759348801564 2.8323931844165013 1.6528434655429014 -0 0 -0 0.002
2.6743658229377312 1.9388174425645524 2.6526620052774939 0 -0 0 0.002
2.0713597064181397 1.1750920853737166 1.5583937592777986 0 -0 -0 0.002
1.1940345881172438 2.4810582375059513 1.9472127694594705 -0 0 -0 0.002
1.396750004556004 1.278151416871018 2.0877775178456814 -0 -0 0 0.002
2.1382349659993425 1.0698898495692646 2.0452878012514959 0 -0 0 0.002
1.3905088294686609 2.5018562045753101 2.5092168187491199 -0 0 0 0.002
1.1582592943148202 1.5861879063345208 2.1223188216015534 -0 -0 0 0.002
1.3604150098176406 2.5076656220219737 1.5289909900925303 -0 0 -0 0.002
1.3504666429886079 1.7722345323590072 2.6473981874480597 -0 -0 0 0.002
1.1606885365789184 2.0312600391984574 2.4316882388487375 -0 0 0 0.002
2.3751066257265001 1.3159575052802075 1.4742495440363363 0 -0 -0 0.002
2.649069728833584 2.6798071551042688 1.8761187143363349 0 0 -0 0.002
1.9050957351819191 1.279681912486232 2.6071628004050447 -0 -0 0 0.002
1.2582048393697625 2.0477637124413914 2.5838938168207957 -0 0 0 0.002
2.4341838456429361 1.1620114509331709 1.9891322582387156 0 -0 -0 0.002
2.5616104754686964 2.7342440057618282 2.2103022767643288 0 0 0 0.002
2.6805923991523271 1.3902285849411082 2.2424578630309386 0 -0 0 0.002
1.0662281110995067 1.8984135935384336 2.132929071546148 -0 -0 0 0.002
2.828946660100649 1.5807783237288409 2.1819532941389577 0 -0 0 0.002
1.5866701301371091 2.7531738877141829 2.3920636182234429 -0 0 0 0.002
2.0655124524122725 2.8928064830423867 1.6837552061209418 0 0 -0 0.002
2.6673388001600546 2.3865742330815962 1.4437058871227375 0 0 -0 0.002
2.6360310473674553 1.3271328764426076 1.8052921308103911 0 -0 -0 0.002
2.2970088215354956 2.9027024105879278 1.9709409343722752 0 0 -0 0.002
1.1192083696594302 1.6593958059381462 1.8797674149134824 -0 -0 -0 0.002
2.1414591576295856 2.6198569959898181 1.2919755026907338 0 0 -0 0.002
2.3089132576694342 1.7797133070268611 2.8705786565850238 0 -0 0 0.002
1.9674953139352185 1.5644617339957534 2.8450384676431226 -0 -0 0 0.002
1.4771596926960036 2.4270836552039623 2.6654663951639739 -0 0 0 0.002
1.0955802215755488 2.0254458055361511 1.703186222434689 -0 0 -0 0.002
2.2630322723762699 1.5822552270045147 1.1901668749321259 0 -0 -0 0.002
2.017351848938318 1.0631059420127298 2.1711490108652427 0 -0 0 0.002
1.4273029291094601 2.7100218807309946 2.2635963907673968 -0 0 0 0.002
1.8397909677588322 1.0784566900817127 2.1891033233897432 -0 -0 0 0.002
1.7048784497239331 2.172838007345721 1.1110791446335326 -0 0 -0 0.002
2.3013759125705118 1.0990290506720182 2.0655550868932293 0 -0 0 0.002
2.7982382266624009 2.5163833728676956 1.8879989765967713 0 0 -0 0.002
2.259111331117853 2.5577206390063134 2.7271440040224291 0 0 0 0.002
2.5126284309206675 1.7872181452470195 1.2258260200815971 0 -0 -0 0.002
1.1058197460033816 2.3258143545080743 1.926082605925181 -0 0 -0 0.002
2.0841612176872961 2.2897798222260697 2.903871369819973 0 0 0 0.002
2.1417826780713871 2.9433978445037035 2.0631800149712718 0 0 0 0.002
2.7431836518800186 2.4136427480608198 2.4394723635891329 0 0 0 0.002
2.6118852056338646 1.7849225868278331 2.7025704943016247 0 -0 0 0.002
1.7633928370818939 1.4297441885032314 2.7334132549135379 -0 -0 0 0.002
1.7314976282734786 1.2016732195950757 1.5471216403327424 -0 -0 -0 0.002
1.3469435881230645 1.9279691183669083 1.3036682835664604 -0 -0 -0 0.002
1.7422759065800559 2.9061063446614828 1.8299153344510997 -0 0 -0 0.002
1.8064786259216175 1.1014074488178469 1.7305319086657003 -0 -0 -0 0.002
1.5537475246838217 1.2574064707439943 1.5889813487240838 -0 -0 -0 0.002
1.3458221206831946 2.6144690897416334 1.6646780323773107 -0 0 -0 0.002
2.8923564534907111 1.7998254296455316 1.7112819974611859 0 -0 -0 0.002
2.7445749887305597 1.4024582053461632 1.9238265868955184 0 -0 -0 0.002
2.9370181894875302 2.1761336111567049 2.1285725549315453 0 0 0 0.002
1.5718628265960459 1.5758373388773539 1.2537061812369339 -0 -0 -0 0.002
2.506472103716479 2.464978541239832 2.67032180794163 0 0 0 0.002
1.3729479029531166 1.2989544575854544 1.7920960940525121 -0 -0 -0 0.002
2.3832121840336136 2.2486991963760432 1.1533428148954679 0 0 -0 0.002
2.1115998542090306 2.8943415892742497 2.3327719798660449 0 0 0 0.002
1.6372151769216265 1.3562920137014656 2.6204936071868747 -0 -0 0 0.002
1.9943356582687355 2.9468998266568667 2.1676720282899864 -0 0 0 0.002
1.1952066967714092 1.5448048804370851 1.7234082758229023 -0 -0 -0 0.002
1.5755143860440917 2.2226654051275032 2.8329167677338618 -0 0 0 0.002
1.6073097062062836 1.4227036523691665 1.3374015526999794 -0 -0 -0 0.002
1.6136818643847022 1.1153308343615502 2.0392528038580391 -0 -0 0 0.002
1.9141230738401782 2.8997890652435054 2.3301314326861342 -0 0 0 0.002
1.2218524540392868 2.2026635509202332 1.466924784520578 -0 0 -0 0.002
1.7409987392187751 1.535695851872227 1.1970461852449805 -0 -0 -0 0.002
2.7295577687096619 1.5032867878466787 2.3898062880227506 0 -0 0 0.002
1.6117490514322086 1.1489343398043339 2.2512986895566467 -0 -0 0 0.002
1.6313223571374826 1.7448125651240072 2.8564020746713403 -0 -0 0 0.002
1.3563775179714739 2.2775918802698372 1.3348900584814607 -0 0 -0 0.002
1.4833873287800823 2.8058067322675657 1.8749448432760791 -0 0 -0 0.002
1.6907732151154948 2.9020444139494632 2.1484355902732073 -0 0 0 0.002
1.3964644400872326 2.7518678701831858 2.0482411793859785 -0 0 0 0.002
2.8800990954816728 2.4099510470035517 2.009312648533228 0 0 0 0.002
1.7476033545324068 1.9913247430309091 2.9334571223379426 -0 -0 0 0.002
1.5501676643706124 2.3856508772984388 1.2339940501421851 -0 0 -0 0.002
1.7871279664376012 1.7527234920777002 1.0897533953913858 -0 -0 -0 0.002
1.5012305603189282 2.5101991061972155 1.3440880512460538 -0 0 -0 0.002
2.8102575034295136 2.3178998815990042 1.5665858666204724 0 0 -0 0.002
1.6645955337675722 2.599951236065535 1.3151809931522802 -0 0 -0 0.002
1.1346110308865582 2.4216244917136769 2.1123188936151522 -0 0 0 0.002
2.7907437342989825 1.5842333566827054 1.6251686763841682 0 -0 -0 0.002
1.2552803019005534 1.3725426218472689 2.0352725040773705 -0 -0 0 0.002
1.9896123971580839 1.6853954551246266 1.0837867832517607 -0 -0 -0 0.002
2.0676483283900264 1.8488395154748376 1.0446167122791712 0 -0 -0 0.002
1.6621959249635088 2.5059964166460542 2.7537597021012457 -0 0 0 0.002
2.6643772717303547 2.5413293821242915 1.5332051757898864 0 0 -0 0.002
1.9827463275859809 2.0882843990220197 2.966809608066729 -0 0 0 0.002
1.6401797068489594 2.9022090273801848 1.9744442583216477 -0 0 -0 0.002
1.06402519630895 2.254556103474362 2.0809872304580912 -0 0 0 0.002
1.4344545203072567 2.2748445705540092 2.7407685701682567 -0 0 0 0.002
1.9573562026708331 2.5988519690992349 1.2313577550000638 -0 0 -0 0.002
1.0401774756420363 2.1475218553729598 1.9110814246591787 -0 0 -0 0.002
1.8627541730650867 1.267268201155092 1.3751380926484051 -0 -0 -0 0.002
2.8182090430436766 1.9638820017447676 2.5304200279069247 0 -0 0 0.002
2.3670672085379429 2.6570015394904631 2.6193015932367789 0 0 0 0.002
1.781255004036371 1.632617824939921 2.8782309521275784 -0 -0 0 0.002
2.4760822698979124 2.0541829206174937 2.8497169198774062 0 0 0 0.002
1.2657785198120619 1.3851955329039285 2.2098655914559471 -0 -0 0 0.002
2.2416327937516987 1.8025740070729654 1.0766202943474066 0 -0 -0 0.002
2.6390823999746682 2.3059899214820407 2.6732296715113124 0 0 0 0.002
2.335090286561341 1.1440051075793938 1.6756003350823248 0 -0 -0 0.002
2.1253013170207589 2.3004038460664047 1.077458089112278 0 0 -0 0.002
2.6215261611905234 1.6443650003791319 1.3368775033017175 0 -0 -0 0.002
1.3664901215615703 1.7459208074873267 1.2986950413934606 -0 -0 -0 0.002
2.9554030417946362 2.1382973666577718 1.8245344734398321 0 0 -0 0.002
2.5448160240221598 1.1973380797044615 2.1233557871336139 0 -0 0 0.002
1.1491424861976933 1.50915435064526 1.9636368295638995 -0 -0 -0 0.002
1.4428744696695364 1.5117569875523547 1.3584669627086012 -0 -0 -0 0.002
2.3364048686977181 2.4081645582949598 2.8236038527967415 0 0 0 0.002
2.0840504890171831 1.7418989631166955 2.9421975777642198 0 -0 0 0.002
2.8343125609442552 2.0510740921588222 1.4844115220458347 0 0 -0 0.002
1.3039762130132371 1.4423052068590829 1.5867970858593896 -0 -0 -0 0.002
1.2865107434614957 1.582612925142771 1.4684974606605579 -0 -0 -0 0.002
2.818050940085977 2.5312232085905917 2.1381715064888445 0 0 0 0.002
2.8425388052544549 1.6650281307511219 2.3782920751178303 0 -0 0 0.002
1.7042246596016311 2.4815390564569277 1.195583253323941 -0 0 -0 0.002
2.5504706658903764 2.6743030451425693 2.4587115645768653 0 0 0 0.002
2.4486712671687325 1.4430965940289009 1.3298404232626106 0 -0 -0 0.002
2.5175146918740956 2.6467362639109808 1.4628007204838371 0 0 -0 0.002
1.5878970320137338 2.8554538081917742 1.7437651434452266 -0 0 -0 0.002
2.2992909411794571 2.9278177832220691 2.1445815739333143 0 0 0 0.002
2.4137151137531858 1.6504799884939305 2.8224541509231167 0 -0 0 0.002
1.9312722967825986 2.4287884470550423 1.1150832549722951 -0 0 -0 0.002
2.0981702469381291 1.0333530657219727 1.842204972004573 0 -0 -0 0.002
2.8622816653247054 2.2849976347883221 2.3882078684964916 0 0 0 0.002
1.5533834322196307 2.7006538700301532 1.4687307320104357 -0 0 -0 0.002
2.3058115515737425 1.4735728525093648 2.7767761083365614 0 -0 0 0.002
2.1063795743196296 2.8381699496971424 2.5066152261940493 0 0 0 0.002
2.5521931147813337 1.3741253182036917 2.5268891175934871 0 -0 0 0.002
1.9156161557075784 2.2803145111410452 2.940529293999532 -0 0 0 0.002
2.2458067970684974 1.3251077899320085 2.6793502734739532 0 -0 0 0.002
1.461645852556785 2.114098894888333 1.1795694024679888 -0 0 -0 0.002
2.7500124081511794 1.9400442863708438 1.3589579313790283 0 -0 -0 0.002
1.9556674777972818 1.1350168057359304 2.4811473774092625 -0 -0 0 0.002
1.0852367370842031 1.852235175629982 1.6489744785542273 -0 -0 -0 0.002
2.9300555159543182 2.3148681579709356 1.8540272513505913 0 0 -0 0.002
1.3926635695547609 1.2707812245449017 2.2948772269266602 -0 -0 0 0.002
1.5590460717894723 2.0431113544025723 2.8844539832107658 -0 0 0 0.002
2.4975878152497635 1.2285373151446244 1.6360787760718256 0 -0 -0 0.002
2.6390186178336714 1.5218658902504052 2.5871878732963007 0 -0 0 0.002
2.565743540937047 2.1035086214940892 1.1922481371313687 0 0 -0 0.002
1.9080169805137042 1.9198011540886617 2.9831966572651956 -0 -0 0 0.002
2.099641745158622 1.5328212528373686 1.1341552186283304 0 -0 -0 0.002
2.9381036966894971 1.6873673629915138 1.9207688421310971 0 -0 -0 0.002
2.5037842785291478 2.3242539241821927 2.7905707282724204 0 0 0 0.002
1.3373529418292855 2.6226109759270475 2.3919869483381691 -0 0 0 0.002
1.232511344486118 2.4855825660563751 2.3969140834540639 -0 0 0 0.002
1.184420207500519 1.884362447360697 2.5581530855911963 -0 -0 0 0.002
2.6835112327326813 1.2897583153866869 2.1162268707065102 0 -0 0 0.002
1.9686776223321778 1.3968506774586642 2.7917427629826141 -0 -0 0 0.002
2.4644361542076618 1.6093427758239338 1.2155666953814253 0 -0 -0 0.002
1.824971029545672 2.7766058647717231 2.5915449231007006 -0 0 0 0.002
2.9839109005957232 1.9626611060111381 1.8460689402287174 0 -0 -0 0.002
1.4354251636046176 1.7810850621439465 2.7917256314875871 -0 -0 0 0.002
1.810746258467159 2.6542325090211851 2.7220625535995735 -0 0 0 0.002
1.6243829863571797 1.0989441154524293 1.7949218840944889 -0 -0 -0 0.002
2.9685795259600329 1.8535350806540394 2.188025461713444 0 -0 0 0.002
1.8927662754575592 2.8921721238169451 1.565514117479704 -0 0 -0 0.002
2.213091178339436 2.8535054995674249 1.5244786945655635 0 0 -0 0.002
2.6739391946745599 2.664125156351421 2.3227271309792328 0 0 0 0.002
2.3420051688327383 1.1166612679935406 2.3136084771147902 0 -0 0 0.002
2.0086618107849668 1.3498588129512328 1.2463682138069883 0 -0 -0 0.002
2.7701010839976377 2.1052320185899589 2.6279715797312608 0 0 0 0.002
2.3840331572692213 1.0940354553894693 1.8409358859359544 0 -0 -0 0.002
