100
0.43386509494843217 0.46855310606750178 0.54476629554846767 -0 -0 0 1
0.59512890127858464 0.52124236113355071 0.42666708038301154 0 0 -0 1
0.41383217853768112 0.50737348461659437 0.3796596876602214 -0 0 -0 1
0.45145992116924349 0.64332059737586622 0.55027437663785828 -0 0 0 1
0.49130764172977959 0.3516488496256176 0.40993401828802506 -0 -0 -0 1
0.5766061634021471 0.41819631993293566 0.65824085967860169 0 -0 0 1
0.63039405083443556 0.65392171665037024 0.51500063917136463 0 0 0 1
0.49281652570532514 0.68904882448371119 0.40135189729858889 -0 0 -0 1
0.56572224742386079 0.60355928593086872 0.67989157715941628 0 0 0 1
0.71014268971373828 0.42865380805497011 0.55751686709364323 0 -0 0 1
0.27940539614772231 0.58021019898127268 0.4953944782022271 -0 0 -0 1
0.51191057976878207 0.2660526027133579 0.57083383606387694 0 -0 0 1
0.37480468397421529 0.32765150555277028 0.63673489186512466 -0 -0 0 1
0.67618622223824065 0.36939281292695375 0.38306482614155046 0 -0 -0 1
0.32191391089813642 0.38680345212316525 0.34092403850229053 -0 -0 -0 1
0.42831253291000493 0.48387164786384529 0.75604926411341056 -0 -0 0 1
0.32916408648523765 0.59338222899876103 0.68150972411034072 -0 0 0 1
0.23489882892006503 0.40489252761856676 0.51037465991629904 -0 -0 0 1
0.33785133638168613 0.26394008530710733 0.48699742812269164 -0 -0 -0 1
0.4971107920938545 0.60502870583606017 0.22674487889275446 -0 0 -0 1
0.64008838355807396 0.52828129411162883 0.24643370672623599 0 0 -0 1
0.31846057524400406 0.66065987566211626 0.31579014981298714 -0 0 -0 1
0.64218909386659506 0.6957259353999018 0.31075327236408801 0 0 -0 1
0.75056956691832766 0.58029610863503289 0.6680307111973327 0 0 0 1
0.80642774457013289 0.56713605461960936 0.48410978129704219 0 0 -0 1
0.50299251767924358 0.42160352424447078 0.19802007292831281 0 -0 -0 1
0.68078053431226548 0.23929596638474021 0.52309103848373972 0 -0 0 1
0.31048383329763563 0.75635063248320322 0.44234104563374715 -0 0 -0 1
0.44236258483781937 0.74665329704709826 0.69390094477904474 -0 0 0 1
0.46468667066651248 0.82701988202019849 0.51709837673721593 -0 0 0 1
0.20174882964187901 0.50724781754334614 0.33403550274124483 -0 0 -0 1
0.559625369323974 0.19307595388563292 0.3883169997398116 0 -0 -0 1
0.22862043751688532 0.41256197611321976 0.68988883914002952 -0 -0 0 1
0.32590330510142834 0.51242599941594347 0.19506055569558212 -0 0 -0 1
0.47951369824971724 0.29182943815546303 0.78857714718884242 -0 -0 0 1
0.70222408399143599 0.27792297141723887 0.69725538545903287 0 -0 0 1
0.60356725226448837 0.83493181174360553 0.41824074800310573 0 0 -0 1
0.49797077981520815 0.59568017624377756 0.84195622030859507 -0 0 0 1
0.41240509569224787 0.26163312064226868 0.24789661349979975 -0 -0 -0 1
0.69505137569738873 0.75441408296388868 0.67688690624915027 0 0 0 1
0.81126640063954525 0.51112212880436092 0.30998787231865343 0 0 -0 1
0.46394676693999792 0.7997177694313552 0.27097893770592701 -0 0 -0 1
0.79096725909356147 0.42452031407815882 0.73616946778082804 0 -0 0 1
0.78889318515409879 0.74948571032251621 0.51664344459132661 0 0 0 1
0.26783157833430082 0.76589517073125302 0.61543718388158686 -0 0 0 1
0.67926178472133936 0.34347574283460636 0.21422961970940485 0 -0 -0 1
0.8649385598303605 0.40562382838409855 0.43329414431526214 0 -0 -0 1
0.15206388797644393 0.55271364597131334 0.65395093712971553 -0 0 0 1
0.39325818076820684 0.15078776638969577 0.65783327992244467 -0 -0 0 1
0.68361890357136557 0.61066425819019188 0.83337820047282385 0 0 0 1
0.22865626850384446 0.23419632751103842 0.63262714919964069 -0 -0 0 1
0.15626517274606261 0.67977095947399069 0.39270757735310963 -0 0 -0 1
0.82365592425914569 0.69356179696980214 0.35141820736113283 0 0 -0 1
0.5610172455772634 0.16585783397436854 0.73386697848199645 0 -0 0 1
0.84037679775627927 0.29068009929220739 0.58501445993834533 0 -0 0 1
0.15299627919870246 0.33258555070698786 0.34511767596879273 -0 -0 -0 1
0.086094181205736364 0.5118512653228604 0.47984574212635789 -0 0 -0 1
0.56245563143891064 0.87807293459347413 0.6447419095034429 0 0 0 1
0.26354593807366722 0.53370876993436989 0.83289341352509816 -0 0 0 1
0.7982684003852899 0.24312654403355066 0.38581758309086134 0 -0 -0 1
0.63993798852530726 0.30528938484319285 0.85808635995303928 0 -0 0 1
0.2986797530872321 0.35918024847801266 0.84720623115380045 -0 -0 0 1
0.52055658684099448 0.075836403918381923 0.53793585084633566 0 -0 0 1
0.6171069027708993 0.691527649144693 0.13002886890476123 0 0 -0 1
0.92084208803831413 0.46192997957242499 0.60450562867659907 0 -0 0 1
0.26739654352388698 0.17441952797221671 0.33231548074108674 -0 -0 -0 1
0.57436219164421409 0.77592192159230544 0.81902926738256587 0 0 0 1
0.23959891603426975 0.35448944944348521 0.17549045075269976 -0 -0 -0 1
0.36597068642488495 0.69132416992357504 0.85795898935343884 -0 0 0 1
0.42778010120300203 0.70388314654512274 0.10546391907245711 -0 0 -0 1
0.54688400076127153 0.22166274615529047 0.17325723469038828 0 -0 -0 1
0.31955867465455923 0.089110127503648273 0.5031977840393671 -0 -0 0 1
0.4555620819904217 0.39472102087122296 0.93608389306636774 -0 -0 0 1
0.25949044108915936 0.82993013710138541 0.29742109373192949 -0 0 -0 1
0.91625345504265931 0.64926002759669288 0.61948185793372335 0 0 0 1
0.10425292812311554 0.70262429565188711 0.56030893936882553 -0 0 0 1
0.099961903599063262 0.26960856193146043 0.50184538832934544 -0 -0 0 1
0.25066828468441127 0.69619058635990949 0.15607587520520688 -0 0 -0 1
0.4308744417228948 0.52264761683990946 0.043587683808486988 -0 0 -0 1
0.19890016410627487 0.70019050565663254 0.76591550552586996 -0 0 0 1
0.71904476696079733 0.90908668055048514 0.5442721613500624 0 0 0 1
0.69515086244440005 0.49336510793894756 0.084362719954194532 0 -0 -0 1
0.43847113250450098 0.082158467558230253 0.3151406319368048 -0 -0 -0 1
0.31478383230311568 0.1885569501468855 0.8099466490532885 -0 -0 0 1
0.79911700313563405 0.65075862482461322 0.16844398980800723 0 0 -0 1
0.73961449229538923 0.45189399329148205 0.91469107511613501 0 -0 0 1
0.68980044214530822 0.14659079002147252 0.27347550380237273 0 -0 -0 1
0.7463700120860336 0.86611110737051422 0.3021579965489638 0 0 -0 1
0.697728917115497 0.086508460094153528 0.6488700422709609 0 -0 0 1
0.054487828459120757 0.38342241755314171 0.64219921733000096 -0 -0 0 1
0.7153563158898355 0.078263702487991249 0.45944789276574793 0 -0 -0 1
0.41520575035734125 0.32556060129220393 0.061715378613789285 -0 -0 -0 1
0.97127483728752895 0.57148044341058202 0.40241200496982721 0 0 -0 1
0.84826571180941956 0.69021545259525008 0.79209919409580576 0 0 0 1
0.32682894830497039 0.94472832904078141 0.5645029768031411 -0 0 0 1
0.095925402414573369 0.61414533748016154 0.2285325774283119 -0 0 -0 1
0.87321862475567635 0.35908868844159048 0.23137067208895845 0 -0 -0 1
0.57723757331605141 0.51912407797681692 0.98919639760335232 0 0 0 1
0.50764093315632097 0.9947132527343967 0.45966634099399833 0 0 -0 1
0.33195461641109014 0.86557155061241864 0.76673114771852569 -0 0 0 1
