100
-0.02512141239336705 -0.076180493255053744 0.14930599997949548 -0 -0 0 1
0.22316023973409876 -0.018987740091094725 -0.10212042484520814 0 -0 -0 1
-0.24331965236977671 0.1270650965200997 -0.087808099294421349 -0 0 -0 1
0.11825867858492656 0.30641500320873616 -0.050459729267520244 0 0 -0 1
-0.040303602734329987 -0.047803270743233719 -0.34749383627185682 -0 -0 -0 1
-0.10296858997122924 -0.35209695615864717 -0.11987191389653967 -0 -0 -0 1
0.17788449547145296 0.24135390726553571 0.27926391681558627 0 0 0 1
-0.19585651735188386 0.25980217671366279 0.25984736735113545 -0 0 0 1
-0.38734518577791438 -0.1996931873757356 0.10573737902846309 -0 -0 0 1
0.25901147753600945 -0.3596777261507178 0.057863377322682583 0 -0 0 1
0.36213419442825839 -0.13282686869265356 0.26575078715411293 0 -0 0 1
-0.14302612114478955 0.45433251207974112 -0.057095222837077124 -0 0 -0 1
-0.38630381703778466 -0.20856094934802838 -0.26113863538426529 -0 -0 -0 1
0.16121298768269321 -0.09979736857906206 0.47144245381708383 0 -0 0 1
0.24218160533544791 -0.33595780544658238 -0.31098167227156004 0 -0 -0 1
0.52208755535200102 0.14155314267380131 0.090696455575890442 0 0 0 1
-0.089259578824882502 0.31774772194769862 -0.42735866399189198 -0 0 -0 1
0.36637381777840811 0.32927251512829714 -0.27985947165421504 0 0 -0 1
-0.21318512249582558 -0.50792552447542838 0.16955991160732758 -0 -0 0 1
0.12382091307006471 -0.44403139523731761 0.3369113747211836 0 -0 0 1
-0.43549145556149543 0.0027038063282436684 0.39336407449036004 -0 0 0 1
0.54423525362908531 -0.039613255508932348 -0.24494783658517616 0 -0 -0 1
0.23544837901781954 0.11959901775006107 -0.54213435727127834 0 0 -0 1
-0.61184436609824089 0.043969982128641304 -0.08418945600380924 -0 0 -0 1
-0.20121816927270891 -0.15382866273676701 0.56648918999228748 -0 -0 0 1
-0.43205168097867996 0.11023505799925823 -0.44567741537378225 -0 0 -0 1
0.46919773777871165 0.4557780329491723 0.10474790895420497 0 0 0 1
0.011359770451981714 0.20545430616726593 0.61452664999686035 0 0 0 1
-0.48120949981253169 0.36865808957081247 -0.22361903795406532 -0 0 -0 1
0.070134219991921209 -0.65596973479744902 -0.065574384346720499 0 -0 -0 1
0.15476211563773914 -0.25138918885632738 -0.5978228611230012 0 -0 -0 1
-0.12222576576939514 -0.49313271701465727 -0.46138632814382474 -0 -0 -0 1
0.4432346805795952 0.1863843732036696 0.50426029158661911 0 0 0 1
0.098943429304782407 0.62971047654023093 -0.27599582034731129 0 0 -0 1
0.19560000598692973 0.64524832649494845 0.23374608717256676 0 0 0 1
-0.44827566695346738 -0.53886686184267862 -0.19710124818425731 -0 -0 -0 1
-0.49168600243517391 0.48732092621276435 0.10984725689581114 -0 0 0 1
-0.33382648266481796 -0.19388084641812864 -0.61401647138185966 -0 -0 -0 1
0.61515133519568355 -0.36646735400762104 -0.0054387389662054883 0 -0 -0 1
-0.48350444662681002 -0.3798102661673311 0.4128393797513939 -0 -0 0 1
-0.16204041767039123 0.68499352077396147 0.211391121068954 -0 0 0 1
-0.67277928849744417 0.20819382829688349 0.22489613834276059 -0 0 0 1
-0.11623480306136491 0.5320815181858638 0.51458510653149414 -0 0 0 1
-0.052916433649026456 0.0018828206320359901 -0.74858423911457206 -0 0 -0 1
-0.17069973003495501 -0.50337962722903129 0.54307956845860206 -0 -0 0 1
0.69843530959775268 0.31867115206804369 -0.16443067294176261 0 0 -0 1
-0.3399222989883926 0.26366589761941556 0.63376162133276326 -0 0 0 1
-0.73014912306744351 -0.31797635471375452 -0.068679912534225548 -0 -0 -0 1
0.49819957647423135 -0.46468350358212962 0.36153022049818739 0 -0 0 1
0.22976566638987309 0.49086957155527067 0.58978417365598657 0 0 0 1
0.23546177613808467 0.50047720038613508 -0.56969482273559002 0 0 -0 1
0.7353285367306811 -0.15295960268217498 0.27607909985368145 0 -0 0 1
0.41872697122841218 -0.64724550132182579 -0.18373441491765558 0 -0 -0 1
0.39442508505197255 0.72224067222213262 -0.098437272589879637 0 0 -0 1
-0.27251768299930762 0.70852556727359872 -0.2619389826987697 -0 0 -0 1
0.51901395434920206 -0.1019836891581367 -0.61862584478254168 0 -0 -0 1
0.50810260621848102 -0.18008671704957202 0.61903385320571769 0 -0 0 1
0.60745111575682886 -0.38210970248905474 -0.39469262628980611 0 -0 -0 1
-0.70610276024034124 -0.16901302150193059 -0.43916240316740207 -0 -0 -0 1
0.19044320931983932 -0.40610462254554497 0.69667311569204371 0 -0 0 1
-0.60605738902426121 -0.60343563539312495 0.14031484632070609 -0 -0 0 1
-0.78303737230951298 -0.16608508842990063 0.3093811803367571 -0 -0 0 1
0.27692564225015642 -0.7601194828571588 0.23008116734142983 0 -0 0 1
-0.31751671215443938 -0.81467366012509357 -0.032116748139154661 -0 -0 -0 1
-0.41467302215280843 0.47578484871707449 -0.56719131525999977 -0 0 -0 1
0.27633428356843798 -0.62170588271958438 -0.52535102775134657 0 -0 -0 1
-0.50597608723479837 0.52665646827200141 0.4530012829493486 -0 0 0 1
0.58054742986410357 0.29175550944337725 -0.59271162641776109 0 0 -0 1
0.15782968205438855 -0.064384572145343863 0.85725782834072461 0 -0 0 1
0.77101921932634543 0.37982399335506628 0.29712205611727921 0 0 0 1
-0.53815764514977316 -0.50479341124671095 -0.53197529891113782 -0 -0 -0 1
0.89657024258361362 0.1189735234404278 0.067358068302299318 0 0 0 1
-0.36817647194088332 0.16361643570059134 -0.79317496517601571 -0 0 -0 1
0.051709255489089417 0.90331208447257194 -0.026914066205787388 0 0 -0 1
-0.079891552706969973 -0.84166066349093793 -0.34462185166668174 -0 -0 -0 1
0.53713453173659997 0.62130605798167304 0.44661180619497237 0 0 0 1
-0.82840781193351021 0.35679892424071691 -0.058170040960101234 -0 0 -0 1
-0.21245255886894496 0.041831609507780844 0.88325281532610556 -0 0 0 1
-0.56836247885921132 -0.16276169310849317 0.70409833653375586 -0 -0 0 1
0.89049931872398447 -0.18443126692659451 -0.15570125915908989 0 -0 -0 1
-0.77119610553867979 0.25166863836562592 -0.44126636983050066 -0 0 -0 1
-0.33063297451471313 -0.80661482863756639 0.35755343210301349 -0 -0 0 1
0.60904588162565598 0.62178339540151151 -0.3888260594585265 0 0 -0 1
-0.09203159329888852 0.70905694360357729 -0.59378089372138976 -0 0 -0 1
0.83950165956404521 0.063432380487723386 -0.43515428526918437 0 0 -0 1
0.1709437612476119 0.28947583120879861 -0.87669432285398308 0 0 -0 1
-0.71123007943675298 0.17966476022764954 0.59442013455657494 -0 0 0 1
0.78796684411620332 0.099981988915510994 0.55112932314958463 0 0 0 1
-0.95043230661406541 -0.012571104907806139 -0.18163810523660132 -0 -0 -0 1
0.095156402019922925 -0.76308213736614139 0.5608873008572911 0 -0 0 1
0.36925793486079644 0.26146761240737781 0.86032859258183703 0 0 0 1
-0.2560733738242964 -0.48876250693253648 -0.80682338988362323 -0 -0 -0 1
-0.02138785730725163 -0.96930280487422049 0.093580545282019478 -0 -0 0 1
-0.2585746546877476 -0.34779787249671584 0.86740605960711226 -0 -0 0 1
-0.43896973441094378 0.85707610816761204 0.058996991798674077 -0 0 0 1
-0.65285693676549605 0.67339064602606302 -0.22550125453413941 -0 0 -0 1
0.2761563408159452 -0.1148882869864019 -0.93062218906315275 0 -0 -0 1
0.63923070646773394 -0.72211197372418756 0.11496812747207155 0 -0 0 1
0.021570135123442049 0.88891434767966204 0.45756530873744961 0 0 0 1
0.12053442197667485 -0.50875493997325461 -0.84402119809603249 0 -0 -0 1
